   1.5624738e-02
   1.8234997e-01
   3.3207022e-01
   1.8989115e-01
   6.1668636e-02
   1.1409739e-02
   4.8634533e-03
   5.3103462e-03
   4.3965403e-03
   1.5547815e-02
   7.5129128e-03
   4.5625415e-03
   4.4407566e-04
   1.6859354e-03
   1.5190760e-02
   2.9153102e-02
   1.7257019e-02
   2.6201061e-03
   5.4847774e-03
   1.4679650e-02
   7.7165982e-03
   2.5539209e-03
   5.5569567e-04
   1.3708589e-03
   7.0880641e-05
   6.6337007e-04
   3.6424525e-03
   2.5598158e-03
   1.6977430e-04
   1.6584993e-03
   4.5082312e-04
   1.1022228e-03
   1.1056111e-03
   5.6337856e-04
   1.1313894e-03
   4.7288229e-04
   1.0966948e-04
   1.8892997e-04
   2.1770100e-04
   3.8256006e-04
   5.9381089e-04
   1.6661197e-03
   9.4716424e-04
   1.1150855e-03
   3.1342284e-04
   9.8108284e-07
   5.7628230e-05
   3.7688322e-05
   1.7367313e-05
   1.1344010e-04
   7.7117404e-06
   2.5555380e-04
   6.1387347e-04
   1.7081464e-04
   8.2830018e-04
   1.7644914e-03
   6.9657455e-04
   2.4474060e-05
   6.4688724e-05
   1.9078238e-05
   1.5479519e-04
   2.3968731e-04
   1.6586060e-04
   3.4670904e-04
   3.4740016e-04
   7.4544381e-05
   3.0659629e-04
   3.8638998e-04
   6.4323257e-05
   1.1860120e-05
   6.1939348e-05
   1.5580880e-05
   1.1592716e-04
   1.4495614e-05
   3.3487035e-04
   2.2986362e-04
   3.0333585e-04
   3.7332310e-04
   3.1117212e-04
   2.6194173e-04
   2.3815872e-04
   3.8077409e-04
   8.6187297e-05
   1.0097781e-04
   4.0626113e-05
   3.4343269e-05
   3.0427426e-04
   3.7888422e-04
   1.7077446e-04
   6.5932146e-05
   1.6771079e-05
   5.2342228e-05
   1.1051642e-04
   1.5371148e-05
   4.9182273e-06
   1.7336266e-05
   2.0521080e-04
   2.0636235e-04
   1.1880120e-04
   1.7540993e-05
   5.0276309e-05
   8.7002161e-05
   1.1932365e-04
   6.4208856e-06
   1.7166571e-05
   1.4383750e-04
   2.1904299e-04
   1.2158649e-04
   1.1252800e-04
   1.0666684e-05
   6.7515769e-05
   1.5155078e-04
   3.6615706e-05
   2.1594960e-04
   4.4221318e-05
   7.4902327e-05
   1.5463032e-04
   5.4613112e-04
   2.4994580e-04
   1.6586003e-04
   1.4532257e-04
   5.9141006e-05
   3.8974321e-05
   1.8886326e-05
   3.4248700e-05
   3.2236328e-05
   3.1455025e-05
   6.3658979e-05
   9.8104887e-05
   8.1620725e-05
   1.9138546e-04
   8.6197408e-05
   5.9370925e-05
   3.0949275e-05
   1.0850928e-04
   2.0145239e-04
   1.8305225e-04
   4.3057803e-05
   1.4511839e-04
   5.4430120e-05
   8.1928048e-05
   2.5606789e-04
   1.6145939e-04
   4.1242942e-05
   8.7744738e-05
   1.4352455e-04
   3.6098810e-05
   8.0036281e-05
   1.5463017e-04
   1.6184615e-04
   4.7530397e-05
   1.1064182e-04
   1.4136413e-05
   5.3125161e-05
   9.9227659e-05
   7.2009962e-05
   2.1721480e-05
   1.0012256e-04
   2.0586512e-04
   1.8596011e-04
   4.2573228e-04
   3.7164231e-04
   2.0360365e-04
   1.3657842e-04
   1.6390833e-04
   2.1706352e-04
   1.0349718e-04
   2.9721795e-05
   6.5079940e-05
   7.4646956e-05
   5.9063824e-05
   6.7924864e-05
   7.2769304e-05
   3.5856697e-05
   9.2400939e-06
   4.5107630e-05
   1.5486054e-04
   1.5536095e-04
   1.4601068e-04
   9.3305001e-05
   4.5468620e-05
   1.6686189e-04
   1.0094607e-04
   2.9705720e-04
   3.0499152e-04
   1.2964921e-04
   8.1913155e-05
   4.5071701e-05
   4.0436096e-05
   2.3082792e-05
   4.3694334e-05
   2.3277074e-05
   6.3205380e-05
   5.8514806e-05
   3.0186152e-05
   4.8546861e-05
   6.5574713e-05
   1.0996583e-04
   2.0095496e-04
   7.0744230e-05
   6.7026755e-05
   7.2983447e-05
   3.1073621e-05
   6.7621419e-05
   1.1924979e-04
   4.9581533e-05
   1.4100890e-04
   1.1475776e-04
   4.0120369e-06
   5.5906781e-06
   2.1051410e-05
   1.1051187e-05
   1.6598288e-05
   3.0627982e-05
   9.5520730e-05
   7.9817659e-05
   1.9239007e-04
   2.6542076e-04
   2.5740038e-04
   2.3671507e-04
   1.0392536e-04
   6.1139469e-05
   1.3552108e-04
   2.0270911e-05
   5.4828470e-05
   4.6765277e-05
   9.2326925e-06
   1.4586920e-06
   8.9702113e-06
   3.7412489e-05
   6.0434086e-06
   3.4078994e-05
   6.0237464e-05
   1.4786079e-04
   3.1140610e-05
   9.5350661e-05
   8.7265311e-05
   1.2841161e-04
   1.2679756e-04
   1.9003606e-05
   2.5643573e-05
   5.5773932e-05
   5.1098568e-05
   3.3194807e-07
   5.3232142e-05
   8.3761412e-05
   3.8833570e-05
   3.8753251e-06
   7.4362862e-06
   1.1522172e-04
   1.3488816e-04
   6.3662986e-05
   1.3402113e-04
   4.9774118e-05
   8.4429965e-05
   7.4095683e-05
   1.2716266e-04
   1.1221478e-04
   1.5343408e-04
   9.6757306e-05
   5.0080344e-05
   3.6201123e-05
   1.9982969e-05
   7.7590338e-05
   1.2348695e-04
   5.1696119e-05
   6.0408402e-05
   6.2703527e-05
   1.2222163e-04
   3.5715688e-04
   1.1570454e-04
   5.1622604e-05
   1.4433086e-04
   1.3768638e-04
   1.4534050e-04
   1.8053771e-04
   1.2573979e-04
   7.7526069e-05
   5.4692457e-05
   2.0333407e-05
   5.6626386e-05
   9.9317521e-05
   8.3264361e-05
   1.2779981e-04
   5.6285752e-05
   7.8217224e-05
   5.9466629e-05
   6.7287709e-05
   8.8669961e-05
   1.9262234e-04
   1.6591319e-04
   5.8100176e-05
   9.2361088e-05
   1.1899611e-04
   1.1266406e-04
   3.6434116e-05
   2.8648634e-05
   3.4817420e-05
   2.2857079e-05
   8.2617657e-05
   1.2288726e-04
