0.083000
0.083000
0.083000
0.083000
0.083000
0.083000
0.083000
0.083000
0.170000
0.170000
0.170000
0.170000
0.170000
0.170000
0.170000
0.250000
0.250000
0.250000
0.250000
0.250000
0.330000
0.330000
0.330000
0.330000
0.330000
0.330000
0.330000
0.330000
0.420000
0.420000
0.420000
0.420000
0.420000
0.420000
0.420000
0.420000
0.420000
0.420000
0.420000
0.420000
0.420000
0.500000
0.500000
0.500000
0.500000
0.500000
0.500000
0.580000
0.580000
0.580000
0.580000
0.580000
0.580000
0.670000
0.670000
0.670000
0.670000
0.670000
0.750000
0.750000
0.750000
0.750000
0.750000
0.750000
0.750000
0.830000
0.830000
0.830000
0.830000
0.920000
1.000000
1.000000
1.080000
1.080000
1.080000
1.170000
1.170000
1.500000
1.670000
1.670000
1.750000
1.750000
2.080000
2.080000
2.170000
2.250000
2.500000
2.580000
2.670000
2.750000
2.830000
2.920000
3.000000
3.420000
3.420000
4.000000
4.500000
5.000000
5.000000
5.170000
5.420000
5.830000
6.000000
6.000000
7.000000
7.000000
8.000000
8.000000
9.000000
10.000000
10.000000
10.000000
10.000000
11.000000
11.000000
11.000000
11.000000
12.000000
12.000000
12.000000
12.000000
12.000000
13.000000
13.000000
14.000000
15.000000
15.000000
17.000000
17.000000
20.000000
24.000000
26.000000
28.000000
28.500000
29.000000
32.000000
32.000000
32.000000
32.000000
34.000000
35.000000
35.000000
38.000000
38.000000
38.000000
38.000000
39.000000
39.000000
40.000000
41.000000
42.000000
45.000000
46.000000
51.000000
53.000000
55.000000
59.000000
61.000000
62.000000
63.000000
63.000000
64.000000
64.000000
64.000000
65.000000
65.000000
66.000000
66.000000
66.000000
67.000000
67.000000
67.000000
68.000000
68.000000
68.000000
70.000000
72.000000
73.000000
74.000000
