1.078073
1.2745
1.229321
1.206686
0.893883
1.168324
1.070741
1.164237
1.07607
1.124243
1.06998
1.319956
1.37302
0.965865
0.944918
0.958472
0.941442
0.763515
0.999319
0.99026
0.947107
0.930129
1.242983
1.078551
1.004677
1.016073
0.890228
0.937832
0.909263
0.934445
1.138305
0.949256
1.20054
0.830049
1.175181
1.002669
1.131353
0.7437
0.784838
0.977253
0.96977
0.540422
0.916741
0.918006
0.896685
0.93875
1.317576
0.656676
0.959176
0.962627
0.860994
0.921674
0.910444
0.992835
0.989259
0.666172
0.782221
1.162089
1.061053
0.671818
0.773772
0.919917
1.143987
0.96831
0.846607
0.636497
1.04617
0.631184
1.162163
0.924947
0.833269
1.172821
0.889359
0.982459
0.983803
1.013913
1.01743
1.010263
0.827769
1.115091
0.893491
1.035316
1.013539
0.982861
0.88
1.011874
1.043169
0.870675
1.09
1.039038
1
0.89
1.01
0.81
0.92
1
1.13
1.01
1.16
0.874
1.12
1.21
1.15
0.90261
0.88998
0.93
1.04847
0.93
1.18
1.13
0.96
1.01976
0.93
0.89
0.87
1.1
0.81
0.98
1.12844
1.05
0.91
0.80467
1.14424
1.21
0.92
1.06
0.97
1.09712
1.17885
1.03439
0.92427
1.02
1.04
1.05
1.14
1.14
1.19
0.98
1.19
1.13
0.98
1.06
0.92
1.03
1.05
0.9
1
0.96
0.97
1.03
1.53
1.35
1.08
