40
45.57142857
44.327869
44.327869
44.327869
44.327869
42.71428571
41.42857143
45.28571429
46.57142857
48.57142857
48
113.7142857
52
48
47.57142857
56.28571429
53.14285714
56.14285714
54.85714286
47.85714286
57.14285714
58.14285714
57
58
57.57142857
58.14285714
59.71428571
58.28571429
62
61.90006
62
62.14285714
63.85714286
62.71428571
64.57142857
59.57142857
64.42857143
62
61.90006
63.71428571
61.85714286
69.42857143
69
69.57142857
70.28571429
115.7142857
65.14285714
70.28571429
72.28571429
72.57142857
74.42857143
72.14285714
75.57142857
76.57142857
74.71428571
74.93581
74.93581
74.93581
82.28571429
79.10725
82
79.28571429
80
76
81.42857143
83.27869
86.14285714
83.27869
85.28571429
91
91.85714286
93
98.14285714
98.71428571
96.31444
102.1428571
123.4285714
128
133.4285714
132.1428571
149.5714286
148.45744
162.5714286
171
176.8571429
179.2857143
181.1428571
188.7142857
194.8571429
197
218.32906
220
247.8571429
276.2857143
300.715
300.8571429
303.8571429
323.8571429
347.7142857
352.858
347
405.001
405.001
457.144
457.144
509.287
561.43
561.43
561.43
613.573
613.573
613.573
613.573
665.716
665.716
665.716
665.716
665.716
717.859
717.859
770.002
822.145
822.145
926.431
926.431
1082.86
1291.432
1395.718
1500.004
1526.0755
1552.147
1708.576
1708.576
1708.576
1708.576
1812.862
1865.005
1865.005
2021.434
2021.434
2021.434
2021.434
2073.577
2073.577
2125.72
2177.863
2230.006
2386.435
2438.578
2699.293
2803.579
2907.865
3116.437
3220.723
3272.866
3325.009
3325.009
3377.152
3377.152
3377.152
3429.295
3429.295
3481.438
3481.438
3533.581
3533.581
3533.581
3585.724
3585.724
3585.724
3690.01
3794.296
3846.439
3898.582
