   4.0433500e+01
   2.1847034e+01
   4.2799487e+01
   9.7530356e+00
   6.6233302e+01
   1.4032374e+01
   1.8059911e+01
   1.6064267e+01
   2.1537857e+01
   2.0784190e+01
   3.7389700e+01
   2.1802397e+01
   1.4581755e+01
   3.3027151e+01
   2.3383678e+01
   7.0620530e+00
   2.0204466e+01
   3.2360917e+01
   4.2966264e+01
   1.9984561e+01
   2.5209099e+01
   3.0922972e+01
   5.5261888e+01
   4.1957139e+01
   1.6076817e+01
   4.6764952e+01
   1.8294802e+01
   1.6978976e+01
   1.2141853e+01
   1.9524565e+01
   4.4545569e+01
   3.0726248e+01
   3.0461244e+01
   5.1183036e+01
   1.3731051e+01
   1.7755932e+01
   2.0903459e+01
   1.6816705e+01
   9.7343063e+00
   2.4445080e+01
   2.1616710e+01
   4.2864826e+01
   2.8011555e+01
   5.8085836e+01
   5.2956221e+01
   3.0856359e+01
   2.1205415e+01
   6.3586311e+01
   5.3663183e+01
   1.9761707e+01
   1.7033411e+01
   2.8674739e+01
   1.5858328e+01
   4.6584983e+01
   4.6887994e+01
   3.1877986e+01
   3.4274963e+01
   1.3063957e+01
   3.3123698e+01
   3.7152404e+01
   3.0076752e+01
   6.0405128e+01
   6.1504664e+01
   3.1650451e+01
   1.5090274e+01
   1.6691753e+01
   6.0807822e+01
   3.1591141e+01
   6.4969684e+01
   3.1568467e+01
   1.9564302e+01
   3.4916603e+01
   4.0458457e+01
   4.9295846e+01
   3.0520898e+01
   6.3056450e+01
   1.4487813e+01
   2.2329405e+01
   1.6795892e+01
   5.4004635e+01
   3.5091015e+01
   4.3530526e+01
   1.7711124e+01
   5.4115142e+01
   4.9859244e+01
   5.2793621e+01
   3.2874764e+01
   2.9811061e+01
   1.5907913e+01
   3.0225571e+01
   6.2154368e+01
   2.1391256e+01
   1.3137045e+01
   2.3498956e+01
   4.0389524e+01
   3.8993974e+01
   1.6768669e+01
   1.8682272e+01
   3.7257747e+01
   1.6679012e+01
   4.7306181e+01
   4.0716450e+01
   3.4218996e+01
   3.0650394e+01
   2.7005117e+01
   3.5632808e+01
   2.3861388e+01
   1.5626282e+01
   2.1243066e+01
   1.7857433e+01
   2.5224308e+01
   2.3902644e+01
   2.0793881e+01
   2.2710885e+01
   1.7815896e+01
   2.2701369e+01
   2.6295580e+01
   1.9395793e+01
   2.9607118e+01
   1.6206552e+01
   3.6572741e+01
   2.7497225e+01
   1.9202012e+01
   1.0304859e+01
   2.7630670e+01
   2.0440625e+01
   3.0127513e+01
   1.3242178e+01
   1.9307928e+01
   2.1880319e+01
   2.0512866e+01
   2.2327585e+01
   1.8505442e+01
   8.7840057e+00
   1.0275894e+01
   6.1694051e+00
   8.5530868e+00
   1.9010861e+01
   1.2951237e+01
   9.8119527e+00
   2.8245264e+01
   1.2919467e+01
   2.1302813e+01
   9.2640297e+00
   1.8662035e+01
   4.4518877e+00
   1.4187873e+01
   1.9142749e+01
   1.0767597e+01
   1.4989272e+01
   6.4019034e+00
   1.2264386e+01
   2.0508912e+01
   6.0396221e+00
   2.5029388e+01
   8.6893078e+00
   1.2979290e+01
   1.2561829e+01
   6.4034976e+00
   1.0386066e+01
   2.9086319e+01
   1.2267883e+01
   1.0961763e+01
   1.5468412e+01
   2.5849974e+01
   3.8283053e+00
   9.4993612e+00
   5.9907042e+00
   1.4981640e+01
   2.2948743e+01
   4.7969992e+00
   2.7051138e+01
   3.0699764e+01
   1.3292807e+01
   1.1316686e+01
   8.1144718e+00
   2.6310050e+00
   7.6555394e+00
   1.1592784e+01
