   1.0523419e+00
   1.3435386e+00
   1.3107968e+00
   4.1015082e-01
   2.2036629e+00
   1.4159419e+00
   6.0530630e-01
   5.9555365e-01
   6.5254666e-01
   6.2147219e-01
   1.1500437e+00
   8.7556355e-01
   9.8256803e-01
   1.8353681e+00
   1.9742684e+00
   4.1093541e-01
   4.7152990e-01
   8.2585785e-01
   1.0928874e+00
   1.0698601e+00
   1.1336096e+00
   1.0475668e+00
   9.5426184e-01
   9.9617222e-01
   1.0883217e+00
   1.1307829e+00
   9.0083063e-01
   1.0878218e+00
   6.7006565e-01
   1.0349614e+00
   1.0606644e+00
   1.0523343e+00
   8.6640184e-01
   1.1825810e+00
   9.3010221e-01
   1.3460445e+00
   6.5475097e-01
   6.6505787e-01
   3.7740608e-01
   6.7509460e-01
   1.4497127e+00
   1.0629650e+00
   5.1742047e-01
   9.2372342e-01
   1.0250434e+00
   7.9425865e-01
   8.5310439e-01
   8.0254955e-01
   1.0228237e+00
   4.8089735e-01
   7.0923410e-01
   8.4928832e-01
   5.5711230e-01
   9.8491585e-01
   1.1832742e+00
   8.7803920e-01
   7.5777460e-01
   1.0986774e+00
   1.0356803e+00
   1.1458602e+00
   5.8942920e-01
   1.0454717e+00
   8.8789113e-01
   1.1188114e+00
   7.1250707e-01
   5.7305558e-01
   9.2522228e-01
   1.0065990e+00
   1.0610425e+00
   1.0341202e+00
   7.5142428e-01
   8.0224723e-01
   7.1561192e-01
   8.6046276e-01
   1.1627567e+00
   1.0838580e+00
   5.0309138e-01
   4.7846792e-01
   5.0238552e-01
   1.2022031e+00
   5.9256449e-01
   8.5691273e-01
   3.9888685e-01
   8.0744145e-01
   6.0115549e-01
   7.9294587e-01
   4.9199561e-01
   4.8884455e-01
   4.7996638e-01
   3.4360903e-01
   8.8674151e-01
   4.0167509e-01
   6.5953285e-01
   3.4769901e-01
   4.5366420e-01
   3.8009152e-01
   4.8679074e-01
   3.5583174e-01
   4.5156788e-01
   7.0703285e-01
   3.6649780e-01
   3.2587089e-01
   3.5064907e-01
   3.4097041e-01
   4.5335773e-01
   4.1399832e-01
   5.0246033e-01
   4.1892454e-01
   3.7498017e-01
   3.5459245e-01
   3.5585358e-01
   4.9345234e-01
   4.2574658e-01
   4.7339337e-01
   5.7213042e-01
   3.4656235e-01
   3.8234427e-01
   4.2089364e-01
   4.8221979e-01
   4.4238710e-01
   3.5612340e-01
   4.1189936e-01
   3.6176202e-01
   3.8782560e-01
   3.2133836e-01
   3.3624612e-01
   5.0409697e-01
   4.9687956e-01
   3.3121954e-01
   2.8349069e-01
   5.5035728e-01
   8.5656896e-01
   3.7508034e-01
   4.2649853e-01
   5.4619123e-01
   3.5304008e-01
   4.8946274e-01
   4.4480274e-01
   3.5570294e-01
   2.7602555e-01
   2.8660958e-01
   2.9395487e-01
   1.0457589e+00
   4.4116561e-01
   2.7934520e-01
   2.8079535e-01
   4.4318466e-01
   3.8654834e-01
   3.4286753e-01
   4.3804836e-01
   5.0896225e-01
   4.6795481e-01
   2.7503469e-01
   6.5593002e-01
   8.8565895e-01
   3.9393573e-01
   7.1781154e-01
   4.5483997e-01
   8.3840848e-01
   4.5384419e-01
   1.1791420e+00
   2.6510493e-01
   2.9455080e-01
   3.9313351e-01
   1.5290257e+00
   3.6455044e-01
   4.5395904e-01
   4.0907922e-01
   3.5983884e-01
   5.9932739e-01
   4.8239593e-01
   4.1437294e-01
   6.8576264e-01
   5.0463398e-01
   4.8834961e-01
   3.9299821e-01
   2.5282408e-01
   3.5030866e-01
   5.6069662e-01
