   2.2958383e+00
   8.4588290e+00
   3.5681762e+00
   3.5959897e-01
   8.0689164e+00
   2.5666204e+00
   9.7099366e-01
   5.2215464e-01
   5.6394305e-01
   7.0482260e-01
   2.4149680e+00
   7.4468976e-01
   3.3620442e-01
   2.0391105e+00
   7.1566067e-01
   4.8690541e-01
   1.3145363e+00
   2.9301231e+00
   3.0862586e+00
   4.3931725e-01
   6.5386445e-01
   1.6149609e+00
   2.3642278e+00
   1.2854332e+00
   3.4621818e-01
   4.2268497e+00
   3.9363430e-01
   2.3011211e+00
   3.6032317e-01
   8.5602881e-01
   2.0809745e+00
   9.0306887e-01
   1.4315584e+00
   3.1114739e+00
   1.1091283e+00
   1.9876913e+00
   5.1986426e-01
   4.1623990e-01
   4.5316464e-01
   7.3514899e-01
   6.8890836e-01
   1.4329746e+00
   1.1504785e+00
   5.4632933e+00
   3.5122938e+00
   9.9924456e-01
   9.6981058e-01
   2.8771151e+00
   1.9483088e+00
   4.8383985e-01
   6.9500508e-01
   6.8207204e-01
   1.4651016e+00
   1.7934416e+00
   2.8555367e+00
   9.0631025e-01
   1.2934526e+00
   1.4398214e+00
   2.1560719e+00
   3.5861811e+00
   1.1104814e+00
   5.1956612e+00
   5.6361223e+00
   7.0296018e-01
   8.5534511e-01
   1.0740755e+00
   3.7461523e+00
   8.4501395e-01
   3.3678503e+00
   1.5434352e+00
   8.8640927e-01
   1.3934671e+00
   1.6365662e+00
   4.4279576e+00
   6.9981047e-01
   2.8085585e+00
   9.9561919e-01
   1.3958598e+00
   2.4562207e-01
   2.7597323e+00
   1.1554719e+00
   1.1852345e+00
   5.7265196e-01
   2.5676282e+00
   1.6865993e+00
   3.2274389e+00
   9.8643898e-01
   1.0183608e+00
   6.9843628e-01
   1.3103889e+00
   3.3350526e+00
   6.9228119e-01
   3.4292837e-01
   8.4755473e-01
   1.1038948e+00
   1.4773517e+00
   4.2473698e-01
   6.7644493e-01
   1.1124172e+00
   6.6166001e-01
   1.7741407e+00
   1.7048217e+00
   1.1072694e+00
   1.2365954e+00
   8.1531027e-01
   1.0228704e+00
   8.0093090e-01
   3.3587590e-01
   5.9920476e-01
   2.9454395e-01
   8.6316587e-01
   8.9836471e-01
   5.0507264e-01
   6.8400312e-01
   3.8490933e-01
   9.7690038e-01
   9.3073863e-01
   5.6645203e-01
   1.0123563e+00
   4.7600861e-01
   9.8153662e-01
   8.1566690e-01
   7.0859852e-01
   2.5545537e-01
   1.0128455e+00
   6.4653518e-01
   9.8114393e-01
   3.8865691e-01
   4.8702153e-01
   5.9598655e-01
   4.6781961e-01
   5.7093572e-01
   4.4421384e-01
   2.8726220e-01
   2.5736372e-01
   1.6528636e-01
   2.0705595e-01
   6.8250492e-01
   2.7482064e-01
   2.3160791e-01
   7.0565716e-01
   3.1306645e-01
   6.5060404e-01
   2.8056247e-01
   4.9956108e-01
   1.2917738e-01
   3.0457453e-01
   6.1272035e-01
   2.6945462e-01
   4.0046715e-01
   1.2927257e-01
   3.6196063e-01
   6.1402546e-01
   1.4886616e-01
   8.6074848e-01
   3.7738761e-01
   5.6441072e-01
   4.3293835e-01
   1.0903675e-01
   1.7912502e-01
   1.4192525e+00
   3.9606175e-01
   1.0691064e+00
   6.0687619e-01
   8.6605715e-01
   7.7284666e-02
   1.4760050e-01
   1.4687534e-01
   3.5533256e-01
   2.0789485e+00
   1.4360647e-01
   2.2560238e+00
   1.1649818e+00
   2.8269744e-01
   2.6548223e-01
   5.6926349e-01
   5.5473967e-01
   9.8243549e-01
   2.5464357e-01
