0.199797979798
0.961904761905
0.28835978836
0.946902654867
0.154516640254
2.5859375
0.173913043478
0.285939968404
0.302631578947
0.533498759305
0.418511066398
0.794055201699
0.445807770961
0.347619047619
0.649606299213
0.533029612756
0.090051020408
0.313664596273
0.572438162544
0.997679814385
0.579710144928
0.696132596685
0.619238476954
2.584112149533
1.653543307087
0.429333333333
1.109004739336
0.519886363636
0.224867724868
0.223247232472
0.337954939341
1.308823529412
0.872159090909
0.631469979296
1.58024691358
0.185385656292
0.242837653479
0.537275064267
0.392523364486
0.141424418605
0.5768321513
0.459574468085
1.577205882353
0.588235294118
1.856230031949
1.65625
0.806788511749
0.372583479789
4.447552447552
2.856382978723
0.502538071066
0.290598290598
0.9795221843
0.216916780355
1.700729927007
1.277929155313
0.969604863222
0.875
0.168164313222
0.642718446602
0.708571428571
0.703271028037
2.157142857143
2.228260869565
1.360515021459
0.224368499257
0.246312684366
2.64347826087
1.01935483871
4.140127388535
0.658333333333
0.335616438356
0.8725
1.163793103448
1.244949494949
1.177606177606
4.351724137931
0.361426256078
1.135135135135
2.045454545455
1.017391304348
2.208121827411
0.344357976654
2.181451612903
2.422330097087
1.714285714286
0.973372781065
0.728606356968
0.259380097879
0.646680942184
3.239583333333
0.448637316562
0.269547325103
0.481557377049
1.75652173913
1.127167630058
0.383561643836
0.348230912477
1.277397260274
0.28743545611
1.819230769231
1.149717514124
0.97994269341
0.688340807175
0.676691729323
1.206779661017
0.516198704104
0.412698412698
0.4896073903
0.832558139535
0.552631578947
0.482828282828
0.547368421053
0.514739229025
0.495821727019
0.419593345656
0.578021978022
0.418103448276
0.720194647202
0.325955734406
1.396946564885
0.708762886598
0.357541899441
0.208502024291
0.611973392461
0.425887265136
0.767857142857
0.250474383302
0.470731707317
0.528985507246
0.575842696629
0.577720207254
0.464824120603
0.144884488449
0.206827309237
0.109203539823
0.170658682635
0.357815442561
0.325814536341
0.205230125523
0.889589905363
0.281659388646
0.463043478261
0.160485268631
0.425
0.072831423895
0.362244897959
0.385080645161
0.21906693712
0.31512605042
0.145124716553
0.228200371058
0.444685466377
0.113108614232
0.544662309368
0.127232796486
0.203125
0.215753424658
0.183381088825
0.329113924051
0.577380952381
0.216549295775
0.139593908629
0.262711864407
0.582392776524
0.082188841202
0.36398467433
0.112593984962
0.34965034965
0.34696969697
0.077669902913
0.444262295082
0.715617715618
0.335012594458
0.245119305857
0.104510309278
0.028401727862
0.090543735225
0.270396270396
