4.213632499999999936e+01
2.258783599999999936e+01
4.418837200000000109e+01
1.077796299999999974e+01
6.773949199999999848e+01
1.448278799999999933e+01
1.929888300000000001e+01
1.764468799999999860e+01
2.352512600000000020e+01
2.226426800000000128e+01
3.881950599999999696e+01
2.289134599999999864e+01
1.562223900000000043e+01
3.382625000000000171e+01
2.397970099999999860e+01
7.965343999999999980e+00
2.172609500000000082e+01
3.388904000000000138e+01
4.447254300000000171e+01
2.091463600000000156e+01
2.628208700000000064e+01
3.223218599999999867e+01
5.682577899999999715e+01
4.367528399999999777e+01
1.684906399999999849e+01
4.832386799999999738e+01
1.896003200000000177e+01
1.736013600000000068e+01
1.264365199999999945e+01
2.027742699999999942e+01
4.600477800000000173e+01
3.201367299999999716e+01
3.194528299999999987e+01
5.241499999999999915e+01
1.415699599999999947e+01
1.834759199999999879e+01
2.158660199999999918e+01
1.735360800000000125e+01
1.093668500000000066e+01
2.515418100000000123e+01
2.240947600000000151e+01
4.459908800000000184e+01
2.866863299999999981e+01
6.044266499999999809e+01
5.514187199999999933e+01
3.167301900000000003e+01
2.193272899999999836e+01
6.623645000000000493e+01
5.529338700000000273e+01
2.175429400000000157e+01
1.736135799999999918e+01
2.998271599999999992e+01
1.622439699999999974e+01
4.806732399999999927e+01
4.863654499999999814e+01
3.266571100000000172e+01
3.496099399999999946e+01
1.342513100000000037e+01
3.447661599999999993e+01
3.606071500000000185e+01
3.073449899999999957e+01
6.306365699999999919e+01
6.389417699999999911e+01
3.280008300000000077e+01
1.557372100000000081e+01
1.725639500000000126e+01
6.252221000000000117e+01
3.277757700000000085e+01
6.787439100000000280e+01
3.222042199999999923e+01
2.035763999999999996e+01
3.639705599999999919e+01
4.166927100000000195e+01
5.092451599999999701e+01
3.228117799999999704e+01
6.502925399999999456e+01
1.557134100000000032e+01
2.300874500000000111e+01
1.883631199999999950e+01
5.532065500000000213e+01
3.614712600000000009e+01
4.566657099999999758e+01
1.816828299999999885e+01
5.623418399999999906e+01
5.223801900000000131e+01
5.466928000000000054e+01
3.397025500000000164e+01
3.068857600000000119e+01
1.653918099999999924e+01
3.124711900000000142e+01
6.505448300000000472e+01
2.237067199999999900e+01
1.372512599999999949e+01
2.484552899999999909e+01
4.191809200000000146e+01
3.988403799999999677e+01
1.745590199999999825e+01
1.920201199999999986e+01
3.840174400000000077e+01
1.747388199999999969e+01
4.852806900000000212e+01
4.214769499999999880e+01
3.529449000000000325e+01
3.196433499999999839e+01
2.792734400000000150e+01
3.685048799999999858e+01
2.480309000000000097e+01
1.643277499999999947e+01
2.225123699999999971e+01
2.404029299999999836e+01
2.662615699999999919e+01
2.448475699999999833e+01
2.172653299999999987e+01
2.371786600000000078e+01
1.892262300000000153e+01
2.355255599999999916e+01
2.717848299999999995e+01
2.037736299999999900e+01
3.066769000000000034e+01
1.673157300000000092e+01
3.815690800000000138e+01
2.902997699999999881e+01
1.970532400000000095e+01
1.072127300000000005e+01
2.850592400000000026e+01
2.172019900000000092e+01
3.141451400000000049e+01
1.379142700000000055e+01
2.049320300000000117e+01
2.296267900000000139e+01
2.147168299999999874e+01
2.363050099999999887e+01
1.921989200000000153e+01
9.562248399999999648e+00
1.180757900000000049e+01
7.005141199999999735e+00
9.157393799999999473e+00
1.989337899999999948e+01
1.347357700000000058e+01
1.065498099999999937e+01
3.041531600000000068e+01
1.452666100000000071e+01
2.250812000000000168e+01
9.507950900000000871e+00
1.990165000000000006e+01
5.476511000000000351e+00
1.563827700000000043e+01
2.002044400000000124e+01
1.154413199999999939e+01
1.581425800000000059e+01
7.242708399999999713e+00
1.361986800000000031e+01
2.149747299999999939e+01
6.474742799999999576e+00
2.623674799999999863e+01
9.796010600000000679e+00
1.404503599999999963e+01
1.425746999999999964e+01
6.694153100000000300e+00
1.163160599999999967e+01
2.990143000000000129e+01
1.306328899999999926e+01
1.151844400000000057e+01
1.645138899999999893e+01
2.649040300000000059e+01
4.156337100000000007e+00
1.017457800000000034e+01
6.373699199999999898e+00
1.604500900000000030e+01
2.339051999999999865e+01
5.169491500000000350e+00
2.824675500000000028e+01
3.178278600000000154e+01
1.397404900000000083e+01
1.217757100000000037e+01
8.591690099999999219e+00
2.887119400000000002e+00
8.068607699999999383e+00
1.237242099999999922e+01
