   1.7611650e+01
   2.5827493e+00
   1.1994780e+01
   2.7121979e+01
   8.2084507e+00
   5.4672570e+00
   1.8599411e+01
   3.0765343e+01
   3.8191546e+01
   2.9488541e+01
   1.5482482e+01
   2.9277154e+01
   4.3371693e+01
   1.6196842e+01
   3.2674254e+01
   1.4503953e+01
   1.5370032e+01
   1.1044218e+01
   1.3921796e+01
   4.5490044e+01
   3.8554013e+01
   1.9147815e+01
   2.3374181e+01
   3.2640466e+01
   4.6435509e+01
   1.1063784e+01
   4.6476647e+01
   7.3785669e+00
   3.3697119e+01
   2.2808303e+01
   2.1406109e+01
   3.4024258e+01
   2.1278381e+01
   1.6449772e+01
   1.2380039e+01
   8.9329425e+00
   4.0209456e+01
   4.0401474e+01
   2.1480728e+01
   3.3251872e+01
   3.1378208e+01
   2.9913180e+01
   2.4347743e+01
   1.0632019e+01
   1.5077389e+01
   3.0879687e+01
   2.1865523e+01
   2.2100718e+01
   2.7543469e+01
   4.0843488e+01
   2.4508326e+01
   4.2040631e+01
   1.0824047e+01
   2.5975188e+01
   1.6420029e+01
   3.5173370e+01
   2.6498816e+01
   9.0733179e+00
   1.5362983e+01
   1.0359879e+01
   2.7084426e+01
   1.1626071e+01
   1.0912585e+01
   4.5024529e+01
   1.7642323e+01
   1.5540577e+01
   1.6232074e+01
   3.7385348e+01
   1.9291144e+01
   2.0453380e+01
   2.2071410e+01
   2.5057357e+01
   2.4721552e+01
   1.1132863e+01
   4.3613091e+01
   2.2451535e+01
   1.4551561e+01
   1.5996883e+01
   6.8381036e+01
   1.9568795e+01
   3.0369424e+01
   3.6727352e+01
   3.0928252e+01
   2.1075926e+01
   2.9561997e+01
   1.6357744e+01
   3.3326708e+01
   2.9273575e+01
   2.2776470e+01
   2.3066107e+01
   1.8636698e+01
   3.0899664e+01
   3.8308422e+01
   2.7725592e+01
   3.6588199e+01
   2.6394510e+01
   3.9480123e+01
   2.7618319e+01
   3.3492604e+01
   2.5207829e+01
   2.6664278e+01
   2.3883114e+01
   3.0903947e+01
   2.4786113e+01
   3.3122503e+01
   3.4836091e+01
   2.9792068e+01
   4.6523974e+01
   3.5452099e+01
   6.0627396e+01
   2.9223014e+01
   2.6606838e+01
   4.1170080e+01
   3.3202896e+01
   4.6285955e+01
   2.3238161e+01
   2.8252379e+01
   3.4240839e+01
   2.9245748e+01
   3.4046761e+01
   3.7260700e+01
   3.3711340e+01
   2.7098578e+01
   4.0339174e+01
   2.7280242e+01
   3.1615643e+01
   3.0706517e+01
   3.4071639e+01
   3.9644917e+01
   3.6712773e+01
   4.3847811e+01
   3.9107003e+01
   4.1658860e+01
   3.0578355e+01
   3.9927517e+01
   3.7325554e+01
   4.1308095e+01
   2.7854540e+01
   4.7126142e+01
   4.2364498e+01
   4.0026894e+01
   4.1267491e+01
   3.2743131e+01
   3.3019491e+01
   3.7356864e+01
   3.4463370e+01
   4.6582598e+01
   3.1242228e+01
   3.9960705e+01
   3.7429466e+01
   4.9522521e+01
   3.3883205e+01
   3.3400753e+01
   4.0570819e+01
   2.9078632e+01
   2.3024889e+01
   2.2996179e+01
   2.9015284e+01
   5.8727885e+01
   5.7982216e+01
   2.0494111e+01
   3.0974673e+01
   1.0253202e+01
   2.5488580e+01
   2.9847885e+01
   4.9535121e+01
   6.4358598e+01
   4.0787678e+01
   4.2162306e+01
   1.1038630e+01
   3.3403782e+01
   1.1990627e+01
   2.6352141e+01
   4.7021322e+01
   4.2626906e+01
   1.4254334e+01
   4.7427742e+00
   7.7924093e+00
   4.5525533e+01
