   1.2389438e-01
   1.5993311e-01
   1.3714293e-01
   1.4015245e-01
   1.3317946e-01
   2.0007121e-01
   1.2881026e-01
   1.5050846e-01
   1.4468417e-01
   1.2500351e-01
   1.3295490e-01
   1.4466245e-01
   1.5010037e-01
   1.6856133e-01
   1.7517406e-01
   1.4028316e-01
   1.0365443e-01
   1.3257157e-01
   1.6176750e-01
   1.7101497e-01
   1.7065609e-01
   1.5036474e-01
   1.8114189e-01
   1.3076477e-01
   1.6036118e-01
   1.2206326e-01
   1.5805670e-01
   2.2599034e-01
   2.0890561e-01
   1.7407943e-01
   2.4267820e-01
   1.6079471e-01
   1.3702414e-01
   1.4067286e-01
   2.8359108e-01
   1.8750579e-01
   2.3393069e-01
   1.7567657e-01
   1.4297573e-01
   2.9462559e-01
   1.7354976e-01
   1.2485237e-01
   3.3245964e-01
   1.0882361e-01
   1.2910350e-01
   2.2055718e-01
   2.0980863e-01
   9.6148871e-02
   1.8158952e-01
   3.5291028e-01
   3.2432674e-01
   1.5769271e-01
   2.2854655e-01
   1.9514629e-01
   1.3234909e-01
   2.5127045e-01
   2.7284205e-01
   2.4069875e-01
   1.3805497e-01
   2.0495952e-01
   3.1223611e-01
   8.8527048e-02
   1.0435054e-01
   3.2194930e-01
   2.5780552e-01
   2.8681227e-01
   1.3527199e-01
   3.3970768e-01
   9.3722272e-02
   1.8153186e-01
   2.7687715e-01
   2.1159799e-01
   1.6412579e-01
   1.4303295e-01
   3.4112859e-01
   1.3768392e-01
   1.4171077e-01
   2.4727046e-01
   3.5788439e-01
   1.3847817e-01
   2.0642313e-01
   2.7812904e-01
   2.3873149e-01
   1.1867608e-01
   2.6017848e-01
   1.1937674e-01
   2.9113755e-01
   2.3211549e-01
   1.9042404e-01
   1.6878899e-01
   8.4065644e-02
   2.2888057e-01
   1.8800906e-01
   2.1625033e-01
   2.5477005e-01
   2.3425505e-01
   2.4586018e-01
   2.0390543e-01
   2.9560683e-01
   1.4837016e-01
   2.0903527e-01
   1.7352030e-01
   1.9256018e-01
   1.7491434e-01
   1.9062991e-01
   2.2098230e-01
   2.2976896e-01
   2.6615315e-01
   1.8592675e-01
   2.6019120e-01
   1.6049975e-01
   1.8221003e-01
   2.2049687e-01
   2.0339925e-01
   1.6940840e-01
   1.8737219e-01
   2.0653842e-01
   2.3459157e-01
   1.9293938e-01
   2.3120735e-01
   2.0186586e-01
   1.9510381e-01
   1.9261931e-01
   2.2917828e-01
   1.9901320e-01
   1.7936781e-01
   1.6779938e-01
   1.9517486e-01
   1.6263383e-01
   1.8377620e-01
   1.1262798e-01
   1.7322451e-01
   1.9938077e-01
   1.6097810e-01
   1.4397123e-01
   1.6872457e-01
   2.1123965e-01
   1.9118681e-01
   2.1013893e-01
   1.5812147e-01
   1.8039296e-01
   1.4840310e-01
   1.2245536e-01
   2.3532873e-01
   1.7798613e-01
   1.4118077e-01
   1.6426479e-01
   1.4693928e-01
   1.9147388e-01
   1.9107329e-01
   1.3659232e-01
   1.2695781e-01
   1.6341206e-01
   1.8353739e-01
   1.1409219e-01
   1.3742817e-01
   1.0689398e-01
   1.2381825e-01
   2.6618358e-01
   1.2286687e-01
   9.8336875e-02
   1.9468999e-01
   1.2590117e-01
   1.2571133e-01
   1.3957254e-01
   1.7447632e-01
   1.7508005e-01
   1.6834109e-01
   1.5085097e-01
   1.3993250e-01
   1.3745601e-01
   1.2270593e-01
   1.3461800e-01
   2.0077260e-01
   1.5091028e-01
   1.2022910e-01
   1.4602971e-01
   1.7667892e-01
   1.1696013e-01
