0.822222222222
0.419047619048
0.034126984127
0.265486725664
0.429477020602
0.320703125
0.067950310559
0.293838862559
0.578947368421
0.947890818859
0.593561368209
0.329087048832
0.59918200409
1.033333333333
0.318897637795
0.744874715262
0.184948979592
0.239130434783
0.194346289753
0.322505800464
1.31884057971
1.066298342541
0.382765531062
1.093457943925
1.283464566929
1.237333333333
0.263033175355
1.321022727273
0.097619047619
0.621771217712
0.395147313692
0.629411764706
0.965909090909
0.44099378882
0.506172839506
0.167794316644
0.121828103683
1.033419023136
0.943925233645
0.3125
0.787234042553
0.668085106383
1.099264705882
0.510504201681
0.338658146965
0.471875
0.806788511749
0.384885764499
1.545454545455
1.462765957447
1.035532994924
0.418803418803
1.433447098976
0.147339699864
0.948905109489
0.446866485014
1.06990881459
0.676020408163
0.116431322208
0.299029126214
0.198095238095
0.633177570093
0.414285714286
0.394927536232
1.931330472103
0.261515601783
0.228613569322
0.704347826087
1.206451612903
1.229299363057
0.427083333333
0.378424657534
0.6275
0.709770114943
0.280303030303
1.683397683398
1.551724137931
0.259319286872
0.742424242424
0.88115942029
1.862944162437
0.601167315175
0.850806451613
0.532467532468
0.985207100592
0.716381418093
0.371941272431
0.494646680942
0.96875
0.647798742138
0.788065843621
0.56762295082
1.591304347826
0.763005780347
0.901826484018
0.513966480447
1.147260273973
0.433734939759
1.026923076923
0.675141242938
0.885386819484
0.556053811659
0.829573934837
1.179661016949
0.643628509719
1.230158730159
0.819861431871
0.640350877193
0.537373737374
1.084210526316
0.75283446712
1.289693593315
0.428835489834
0.621978021978
0.737068965517
0.710462287105
0.684104627767
1.423664122137
0.868556701031
0.504655493482
0.815789473684
0.605321507761
0.659707724426
0.783163265306
0.647058823529
0.965853658537
0.886473429952
1.230337078652
1.012953367876
1.047738693467
0.50495049505
0.801204819277
0.66017699115
0.824351297405
0.525423728814
1.18045112782
0.887029288703
1.261829652997
0.901746724891
0.710869565217
0.571923743501
0.85
0.56464811784
1.188775510204
0.629032258065
0.811359026369
0.785714285714
1.122448979592
0.628942486085
0.724511930586
0.760299625468
0.633986928105
0.336749633968
0.359375
0.496575342466
1.681948424069
1.835443037975
0.406746031746
0.545774647887
0.130710659898
0.432203389831
0.672686230248
1.062231759657
0.766917293233
0.983682983683
0.166666666667
0.540453074434
0.196721311475
0.615384615385
1.183879093199
0.924078091106
0.184278350515
0.051187904968
0.092080378251
1.060606060606
