435.055
438.633
522.326
423.325
408.861
450.982
418.419
410.155
458.713
452.616
479.998
476.74
435.03
462.437
370.874
431.436
454.932
418.885
583.281
462.647
456.431
524.304
464.327
506.622
466.456
422.952
396.092
536.983
536.983
447.564
488.835
440.792
532.408
436.927
384.703
491.783
622.239
451.634
543.247
553.432
428.985
449.391
409.006
562.299
478.762
463.562
425.787
434.907
446.891
433.045
598.073
395.09
640.38
410.188
473.213
464.164
518.36
452.759
432.088
456.036
453.464
497.823
503.909
464.205
427.459
468.628
408.715
437.366
534.926
415.155
455.162
430.857
477.912
394.866
492.479
481.261
505.504
500.326
470.546
468.533
498.316
526.086
569.698
548.355
635.196
610.724
579.867
716.449
568.402
500.141
501.669
459.355
860.244
924.161
752.92
630.474
644.976
870.054
622.689
687.672
884.257
761.597
691.041
669.874
766.919
696.349
823.063
681.272
704.524
610.886
863.827
625.923
