62
70.28571429
98.14285714
56.28571429
46.57142857
57.14285714
53.14285714
45.57142857
69.42857143
62
62.14285714
133.4285714
82.28571429
102.1428571
46.85714286
58.14285714
63.85714286
62.71428571
162.5714286
64.57142857
82
91.85714286
76.57142857
69
72.28571429
69.57142857
79.28571429
72.57142857
74.71428571
57
80
59.57142857
58
64.42857143
48.57142857
98.71428571
129.5714286
93
188.7142857
181.1428571
70.28571429
86.14285714
48
132.1428571
76
62
56.14285714
54.85714286
57.57142857
115.7142857
303.8571429
42.71428571
155
58.14285714
85.28571429
128
221.1428571
41.42857143
113.7142857
47.85714286
81.42857143
74.42857143
72.14285714
75.57142857
52
59.71428571
48
58.28571429
123.4285714
47.57142857
91
65.14285714
63.71428571
45.28571429
61.85714286
96.28571429
171
194.8571429
197
77.14285714
149.5714286
176.8571429
220
179.2857143
347.7142857
347
247.8571429
323.8571429
300.8571429
73.57142857
276.2857143
519
279
327
663
519
615
423
423
615
567
567
567
615
519
519
615
375
567
375
615
471
