51.2209
81.3123
92.1565
50.9104
46.711
47.3515
51.3696
62.2006
65.9659
71.8413
63.9797
70.1394
57.6506
63.6399
57.163
51.0118
63.9007
60.1492
87.8856
69.8171
71.7278
83.5104
66.0952
86.0537
66.1349
51.3121
51.2857
99.3458
99.3458
48.851
78.9151
48.7179
76.642
53.1321
50.638
66.5277
158.573
63.2452
91.4665
90.7748
66.7035
68.0465
43.0104
124.107
80.1094
80.9415
46.4406
58.1421
76.0505
61.932
62.4863
50.2403
122.14
58.1787
64.0835
75.9204
88.0899
62.5125
66.7758
65.8948
57.8354
79.1615
82.7064
62.5735
65.9234
50.1165
57.7694
50.3567
82.0343
59.8878
65.9955
58.7144
72.1785
44.4861
82.1402
99.0895
89.3207
79.4959
56.4191
77.1409
71.4611
95.5496
138.969
107.077
111.101
108.974
95.2128
179.543
134.006
61.1967
94.8507
