4009
4024
4041
4061
4064
4068
4077
4100
4004
4040
4052
4081
4087
4089
4092
4003
4006
4059
4060
4082
4005
4017
4033
4037
4062
4070
4088
4090
4000
4007
4011
4012
4018
4019
4021
4035
4039
4058
4098
4099
4101
4010
4027
4029
4049
4065
4097
4001
4028
4031
4084
4085
4086
4026
4032
4066
4109
4119
4008
4014
4022
4030
4034
4056
4083
4038
4050
4055
4072
4096
4025
4045
4002
4042
4102
4015
4016
4091
4043
4075
4013
4054
4110
4051
4069
4020
4106
4111
4113
4047
4046
4107
4108
4076
4112
4116
4120
404
4118
4067
4117
4114
407
4115
422
424
411
412
427
402
409
418
420
414
415
416
423
401
410
413
421
426
403
408
419
405
406
002
011
16795
009
18177
16273
nsr047RRcl
nsr049RRcl
006
16265
16786
17453
18184
16539
nsr054RRcl
005
16420
19140
nsr048RRcl
008
013
nsr051RRcl
19088
16483
19090
003
007
000
010
nsr021RRcl
nsr010RRcl
nsr038RRcl
nsr013RRcl
nsr040RRcl
nsr001RRcl
nsr027RRcl
nsr041RRcl
nsr011RRcl
nsr033RRcl
nsr009RRcl
nsr012RRcl
nsr035RRcl
nsr003RRcl
nsr034RRcl
nsr045RRcl
nsr018RRcl
nsr022RRcl
nsr042RRcl
nsr030RRcl
nsr026RRcl
nsr016RRcl
nsr015RRcl
