   4.9113661e-32
   3.1888838e-02
   4.1363097e-02
   1.4558047e-02
   8.6531681e-03
   5.7709274e-02
   8.3069697e-02
   4.0806905e-02
   6.8458554e-03
   2.9482089e-03
   3.0071898e-02
   6.1690319e-02
   3.1366390e-02
   8.5291386e-03
   2.6275458e-03
   1.9091079e-02
   1.3565920e-02
   4.0088592e-02
   9.8347858e-02
   9.0553462e-02
   1.9222542e-02
   2.6733890e-03
   1.3332957e-02
   6.0646400e-03
   1.4874335e-02
   3.1507927e-02
   1.3273528e-02
   5.6857815e-03
   1.9715012e-02
   1.1111085e-02
   7.6323923e-03
   1.2613513e-02
   2.6640903e-03
   6.4203419e-03
   5.0790904e-03
   9.3871602e-03
   1.9572726e-02
   1.0299772e-02
   3.3552585e-03
   2.1596751e-03
   8.4858652e-04
   7.5530792e-04
   3.5355004e-03
   8.3879654e-03
   4.2007223e-03
   3.8957767e-03
   9.1920902e-03
   5.2847934e-03
   2.0015901e-03
   1.0887535e-03
   1.2867391e-03
   1.5835471e-03
   2.5554666e-03
   7.5708705e-03
   4.9338800e-03
   4.7948705e-03
   4.2810678e-03
   1.7858242e-04
   8.0977991e-04
   4.6962921e-04
   2.0593938e-04
   1.6874740e-04
   1.7949762e-04
   9.6467116e-04
   1.0201523e-03
   9.9239197e-04
   2.3725311e-03
   8.9203698e-04
   1.4598452e-03
   9.4782491e-04
   3.8230898e-04
   1.5310461e-03
   6.1923443e-04
   1.2227507e-03
   1.1887997e-03
   7.8087574e-04
   8.6488635e-04
   1.3857013e-04
   2.0967648e-04
   3.3362516e-04
   1.6022086e-04
   8.7203487e-05
   2.1341490e-04
   5.4237226e-04
   4.4792176e-04
   1.8179112e-04
   2.6372348e-04
   3.8025619e-05
   4.7840898e-04
   3.8546506e-04
   2.5980368e-04
   2.8463765e-04
   4.2735282e-06
   1.5623336e-04
   1.6788346e-04
   9.5215749e-05
   1.5928255e-04
   6.0727646e-06
   2.6989175e-04
   3.2170908e-04
   3.3413399e-05
   2.7913546e-04
   4.8816436e-04
   2.1615731e-04
   1.0042472e-04
   4.7710996e-05
   9.1319725e-05
   6.7714734e-05
   2.2543403e-04
   2.6142920e-04
   1.9979380e-04
   8.2663325e-05
   4.1055048e-05
   8.3163051e-05
   1.4418649e-04
   5.7327698e-05
   2.6770431e-05
   2.0187164e-05
   3.4809732e-05
   1.1484153e-05
   1.4554807e-04
   1.6615676e-04
   5.7630867e-06
   1.9673366e-05
   3.4353824e-05
   4.6297804e-05
   1.3824830e-05
   6.3440473e-05
   9.5064691e-05
   4.4253122e-05
   2.9539261e-05
   3.6698577e-05
   7.4297013e-05
   2.4221023e-05
   1.0159350e-05
   3.4255963e-07
   2.9901900e-05
   3.4406358e-05
   1.8488390e-04
   7.1378551e-05
   9.3234809e-05
   7.0515726e-05
   1.0427039e-04
   7.2722357e-06
   3.5086618e-05
   3.7448265e-05
   1.8027752e-04
   3.2299760e-05
   5.1967470e-05
   7.7827603e-05
   4.8083701e-05
   3.1260713e-05
   8.5442056e-06
   3.5898767e-05
   6.6663254e-05
   1.7222982e-05
   3.7949260e-05
   6.7265741e-05
   1.3551602e-05
   2.3879737e-06
   2.7593877e-05
   2.5716482e-05
   4.6932623e-05
   1.0462372e-05
   4.1793858e-06
   3.2226948e-06
   5.8234698e-06
   5.8134738e-05
   9.7275583e-05
   1.3873512e-05
   2.7697772e-05
   3.5441497e-05
   1.6627848e-05
   1.7177692e-05
   7.2202347e-07
   5.1354789e-07
   5.3139490e-06
   2.8420832e-05
   2.4790758e-05
   5.7450121e-05
   1.1311253e-05
   3.6857979e-06
   9.3300205e-06
   4.0092785e-07
   2.3370044e-05
   9.6954821e-05
   2.2964006e-05
   1.1516065e-04
   6.3584769e-05
   1.9184474e-05
   6.8721139e-07
   4.7804541e-06
   2.6255829e-05
   9.8988975e-05
   5.2451706e-05
   4.3601515e-06
   8.8227132e-06
   2.0919850e-05
   1.4985242e-05
   2.1273850e-05
   4.4934219e-05
   4.8978972e-05
   8.5601475e-06
   2.6667780e-05
   1.9840582e-05
   4.4251639e-05
   1.9243574e-05
   1.9405125e-07
   5.6646195e-06
   4.7479811e-05
   5.4753226e-06
   1.4097280e-05
   9.3694683e-06
   2.5497945e-05
   2.1601033e-05
   1.8504340e-06
   5.8429945e-06
   3.8573670e-05
   8.1702744e-05
   4.2840917e-05
   1.5106982e-05
   3.8282393e-06
   2.0547237e-07
   1.8475633e-06
   2.3427213e-05
   5.0558275e-05
   1.7398044e-05
   1.3617882e-05
   1.8129453e-06
   1.2886158e-05
   1.3451301e-05
   4.3237712e-05
   6.1507304e-06
   3.0025829e-06
   1.7103307e-05
   8.6017920e-06
   5.3996830e-05
   1.2080837e-04
   4.2895251e-05
   1.4800981e-05
   6.3985901e-06
   1.1783903e-05
   2.4852842e-05
   1.1385123e-05
   3.3981614e-06
   9.5186787e-06
   2.1409043e-06
   2.2786059e-05
   6.9840918e-06
   4.7557924e-06
   1.8903781e-05
   2.4800647e-05
   6.1792011e-06
   1.7091034e-05
   6.0861492e-06
   6.9420673e-07
   3.4267853e-06
   4.0055906e-06
   6.5667556e-06
   4.3960618e-06
   5.2327442e-06
   4.7420723e-06
   1.7040579e-05
   6.1013160e-05
   8.4141119e-05
   1.1703527e-05
   2.7141084e-05
   1.3252974e-06
   2.3216994e-05
   1.4636427e-06
   3.5061862e-05
   4.5550406e-05
   1.4633911e-05
   1.0627875e-05
   4.1666688e-05
   9.3986083e-06
   7.1288658e-07
   1.9281219e-05
   3.1453160e-05
   1.9779244e-05
   2.2046673e-06
   2.4622020e-05
   2.9463837e-05
   3.4519452e-07
   1.1800537e-06
   5.7368219e-07
   6.1759663e-07
   5.4452074e-06
   1.3151499e-05
   1.6542506e-05
   4.7168784e-06
   1.2637606e-05
   9.9266845e-06
   5.8597052e-05
   7.2062441e-06
   2.6323571e-06
   2.8835070e-06
   4.3666879e-06
   1.4722366e-06
   2.7201278e-05
   3.7668957e-05
   1.8861655e-05
   3.2251664e-05
   4.4325764e-05
   1.9806924e-05
   9.5150824e-08
   3.7571050e-06
   1.3451643e-05
   9.4133020e-06
   9.3600871e-06
   1.5020292e-05
   6.9350544e-05
   5.0408960e-05
   6.1151724e-06
   1.6723096e-05
   2.7941059e-05
   3.4359455e-05
   9.4536781e-06
   2.4661570e-05
   1.4473254e-06
   5.9584212e-06
   1.4125546e-05
   1.3824935e-06
   5.0670158e-06
   5.2191245e-05
   4.3706011e-05
   5.5932295e-05
   2.4348156e-05
   6.1886533e-06
   6.2153195e-06
   9.9756242e-06
   1.3693904e-05
   1.0906708e-05
   9.7807493e-06
   6.2311139e-05
   3.3093625e-05
   1.3875918e-05
   8.0553533e-06
   8.6074029e-07
   5.5538365e-06
   1.9262718e-05
   2.5274435e-05
   5.1465707e-06
   1.2531578e-06
   2.1548689e-06
   6.8081989e-06
   1.4159348e-05
   1.7512714e-05
   1.4633542e-05
   4.4176782e-05
   4.4428194e-06
   2.4631179e-05
   5.0211820e-06
   6.9452183e-06
   3.7663664e-06
   1.0181344e-05
   6.9724734e-06
   2.6562722e-05
   2.8932182e-05
   1.9909733e-05
   4.0603725e-05
   1.4981133e-05
   9.5901263e-06
   1.8233817e-06
   6.4287891e-06
   5.1343436e-06
   9.7339688e-06
   3.3201855e-06
   1.8907996e-06
   1.3643171e-05
   1.0200243e-05
   2.8447050e-06
   7.9148600e-06
   5.3205470e-06
   9.2910144e-06
   3.0391761e-06
   4.1272683e-06
   4.7863474e-06
   1.0120674e-05
   1.2866659e-05
   1.8042053e-05
   1.4348845e-05
   8.4666540e-06
   2.6058345e-05
   2.6788022e-05
   3.1573071e-06
   2.7114685e-06
   8.0377362e-06
   9.9226927e-06
   1.8431325e-05
   1.0231666e-05
   7.5630278e-06
   1.2363732e-05
   3.4098371e-05
   1.3194191e-05
   3.5914335e-06
   7.0299908e-06
   6.4499716e-06
   2.1989896e-05
   7.6125364e-06
   3.3171371e-06
   1.1689721e-05
   5.2139550e-06
   9.7714896e-06
   1.0091539e-05
   2.6136686e-06
   9.9824613e-07
   1.7092018e-05
   1.9181773e-05
   5.5721972e-06
   1.9876952e-06
   2.4328854e-05
   5.0010523e-05
   2.1657327e-06
   3.9504928e-05
   2.0717531e-05
   2.4910506e-06
   4.0128863e-06
   7.0171463e-06
   1.4692613e-05
   9.9140616e-06
   1.2057998e-06
   2.5708226e-05
   5.7426625e-06
   1.5876164e-05
   3.9586544e-07
   1.9741658e-06
   4.2582286e-06
   4.4027355e-05
   5.2852315e-05
   1.3258389e-05
   2.2613856e-05
   1.1106868e-05
   3.2864301e-05
   2.4076778e-05
   6.6263647e-06
   7.3855132e-06
   6.3268054e-07
   1.3845466e-06
   6.9506070e-06
   2.4941804e-05
   2.4041907e-05
   2.5097337e-05
   9.8134750e-06
   1.8683851e-05
   2.7193361e-06
   8.3384424e-06
   1.7811497e-07
   1.4936824e-05
   2.3589217e-07
   1.5649841e-06
   1.7711809e-05
   1.0350303e-05
   1.8032110e-05
   1.9206092e-05
   3.9838208e-06
   2.4228969e-05
   1.6231842e-05
   2.5187919e-05
   1.7686620e-05
   2.1070212e-05
   2.4760868e-06
   3.0230150e-06
   8.4861490e-06
   2.9827788e-05
   4.5741840e-06
   1.5637500e-05
   1.7545461e-05
   2.7224302e-05
   1.5962319e-05
   4.5053481e-06
   2.0930553e-05
   1.1832583e-06
   9.2748046e-06
   1.2887677e-05
   7.8738881e-06
   2.9578333e-05
   1.2291691e-05
   4.4169006e-06
   5.4258829e-06
   4.5852671e-07
   2.8490239e-06
   1.4315490e-06
   1.8105711e-06
   1.7681162e-07
   9.7343190e-07
   2.0828711e-06
   3.3847479e-06
   1.1026358e-06
   2.2978730e-06
   6.2534936e-07
   2.0752715e-05
   4.2150528e-05
   1.6759006e-05
   3.7036832e-06
   2.2785487e-05
   3.4300604e-05
   2.4668309e-05
   1.4859617e-05
   8.2796988e-06
   1.9987769e-06
   2.1787758e-05
   9.8620070e-06
   4.6736719e-05
   7.7264498e-05
   1.7200656e-05
   5.4527762e-06
   2.7876753e-05
   8.8588645e-05
   1.0362888e-04
   3.0454839e-05
   3.8646079e-06
