   1.8918946e-30
   1.3458149e-01
   2.4412129e-02
   1.6159256e-01
   8.0689441e-02
   1.2950895e-02
   4.0573080e-02
   6.3589442e-02
   3.4511761e-02
   1.5934071e-02
   2.0737726e-02
   8.7680786e-03
   5.6315311e-02
   2.4294283e-02
   5.5694104e-04
   2.0762340e-02
   2.4524818e-02
   1.1818846e-02
   5.9656603e-03
   1.2110160e-02
   7.0381720e-03
   8.4554659e-04
   4.0045847e-04
   3.3015733e-05
   5.0166204e-04
   3.2613160e-03
   8.0278155e-03
   1.0053326e-02
   5.0624197e-03
   7.4839845e-05
   1.8939529e-03
   3.7826119e-05
   6.8856479e-03
   4.7765407e-03
   2.2370922e-03
   1.0975959e-02
   4.4206429e-03
   9.0553354e-04
   6.2028143e-03
   1.0879214e-02
   5.5238290e-04
   9.2189790e-03
   1.1644087e-02
   8.3539643e-03
   3.9010449e-03
   4.1280311e-03
   4.4279947e-03
   4.4392495e-03
   1.2838386e-04
   4.0262323e-03
   7.2680034e-03
   6.5543264e-03
   2.8009785e-04
   8.6755926e-03
   7.4506606e-03
   1.1045668e-04
   3.9862560e-03
   8.1820750e-03
   5.6981129e-03
   1.1596754e-03
   2.1934259e-03
   4.9738050e-03
   2.1314899e-04
   1.5976637e-03
   4.3549800e-04
   9.6474348e-04
   5.4812956e-04
   7.4318412e-04
   9.7634145e-04
   9.5227114e-04
   1.2167951e-03
   3.8492841e-04
   2.5144033e-03
   7.1811508e-04
   1.4195041e-04
   1.2486383e-04
   2.1979912e-04
   3.4171260e-04
   1.3912018e-04
   1.0879775e-03
   1.1759653e-03
   1.6504661e-04
   1.2711089e-03
   1.0820592e-03
   3.3242606e-04
   9.2683326e-04
   1.8039227e-04
   4.1855473e-04
   1.3629440e-03
   6.0530745e-04
   1.2363927e-04
   2.7880538e-04
   8.2500692e-04
   9.3610471e-04
   6.2966370e-05
   5.2962498e-04
   9.6915554e-04
   8.1880149e-04
   4.1410040e-04
   7.3957419e-04
   2.7096467e-04
   2.3002139e-04
   2.0010500e-04
   2.4560171e-04
   2.1017403e-04
   1.9590960e-04
   9.3198213e-05
   4.3457347e-05
   1.2247011e-04
   6.1344364e-05
   1.6384980e-05
   5.0711229e-05
   1.7572686e-04
   3.8502515e-04
   8.0060946e-06
   4.2238775e-04
   5.7738454e-04
   1.9408781e-04
   9.3114545e-05
   5.0972958e-04
   2.8785224e-04
   1.2570836e-05
   9.7189852e-05
   4.7423432e-05
   2.6227616e-05
   3.5742822e-05
   2.5885598e-05
   3.2137428e-04
   1.2023875e-04
   9.0960066e-05
   2.6516481e-05
   1.0863019e-04
   7.8206965e-05
   8.3333147e-05
   6.0022996e-05
   2.4998194e-05
   2.2840132e-05
   5.4123059e-05
   1.5539584e-04
   6.2621118e-06
   2.3444034e-05
   1.5919583e-05
   3.6369268e-05
   1.5491028e-05
   1.1493339e-04
   2.2514471e-04
   2.4770907e-05
   7.9226330e-05
   1.8403688e-04
   3.4733464e-05
   7.6875522e-06
   1.7992447e-06
   4.5395315e-05
   1.1810953e-04
   1.5031717e-06
   1.8434261e-04
   1.7021512e-04
   7.4070911e-05
   8.8014475e-06
   1.4326914e-04
   1.1316214e-04
   6.8104815e-05
   4.9497582e-06
   1.5437357e-04
   2.2937878e-04
   7.6923560e-06
   1.1420564e-05
   4.2475996e-05
   6.8183571e-05
   7.0076714e-05
   4.0707483e-05
   7.7180833e-05
   1.3320437e-04
   1.4919720e-05
   8.3090569e-06
   2.6176285e-05
   5.5610539e-05
   5.5901819e-06
   1.2335857e-04
   2.1060784e-05
   1.5999702e-05
   9.1343001e-06
   2.6835839e-05
   1.1153112e-05
   5.5502254e-05
   1.0420057e-04
   1.1817039e-04
   4.2830167e-05
   2.4992729e-05
   9.7854683e-05
   4.0288860e-05
   9.3323781e-06
   3.8598031e-05
   1.0191587e-04
   3.4329819e-05
   7.7945229e-05
   1.7308668e-04
   4.2433602e-05
   4.4442049e-06
   3.7547621e-05
   7.2882609e-05
   1.2280586e-05
   1.1711754e-05
   2.4550759e-05
   8.0485689e-06
   2.1712483e-05
   1.8447185e-06
   4.1493753e-05
   5.9784680e-05
   4.0470728e-05
   2.5914193e-05
   2.1242906e-04
   1.2147953e-04
   1.0610007e-06
   1.1424929e-05
   7.2256051e-05
   1.5674672e-04
   8.2616845e-05
   1.7274651e-05
   6.7515479e-05
   3.7093837e-05
   7.0746528e-05
   1.0933175e-04
   2.3473167e-04
   1.3863412e-04
   1.5164160e-04
   1.5072682e-04
   1.2840913e-04
   4.8582791e-05
   2.7920050e-06
   1.5802813e-04
   2.7132145e-04
   5.9306274e-05
   2.0421087e-04
   1.0398998e-04
   1.7973354e-05
   2.6357069e-05
   1.1201509e-04
   6.4314417e-05
   3.2593436e-05
   7.2641406e-05
   5.1624358e-05
   4.3161237e-06
   2.6054586e-06
   3.7594021e-05
   4.1083792e-05
   1.2486134e-06
   7.6941027e-06
   6.4939066e-05
   9.5791825e-05
   3.4996733e-06
   8.6191506e-06
   6.6519330e-06
   1.5151011e-05
   1.7855018e-05
   2.3789889e-05
   5.7365745e-05
   2.1339237e-04
   5.9333771e-05
   3.2278186e-05
   1.1726099e-04
   7.7926732e-05
   9.2513738e-06
   5.7282217e-05
   2.0782379e-05
   6.1651283e-06
   2.6079871e-05
   8.3542437e-05
   2.5063389e-05
   6.5222122e-06
   1.0491697e-05
   1.9036820e-05
   4.0927102e-06
   3.2986775e-05
   7.4199879e-05
   4.2716322e-05
   1.1810452e-04
   2.4572132e-04
   4.5161688e-05
   3.2680537e-05
   4.3167170e-05
   2.5215965e-05
   9.0815278e-05
   2.6058685e-06
   5.5660024e-05
   3.0771515e-06
   1.2827209e-04
   3.6627801e-05
   2.9058051e-05
   5.2057771e-06
   1.0116720e-04
   2.0707385e-04
   5.2098089e-05
   7.3225699e-05
   6.5296345e-05
   8.1086099e-06
   4.6137156e-05
   1.1315143e-05
   1.3549769e-04
   2.7898171e-05
   2.0412339e-05
   4.8665851e-05
   2.0758239e-04
   7.8591793e-05
   1.1152027e-04
   1.1985228e-04
   2.3115776e-06
   1.2660362e-04
   1.1439009e-04
   3.3088826e-05
   8.7575936e-06
   1.7648168e-05
   6.3186426e-05
   2.6558786e-05
   5.7859423e-05
   1.1979624e-05
   2.5687082e-05
   1.8238800e-05
   1.1559538e-04
   2.1709153e-05
   5.8646500e-06
   1.6067824e-05
   5.9098512e-05
   4.8395794e-06
   7.2403877e-05
   5.3596208e-05
   5.3980813e-05
   7.1594852e-06
   1.6736578e-06
   1.2072643e-05
   2.6183975e-05
   1.7986756e-05
   1.2751924e-05
   2.8569614e-06
   3.4843992e-06
   1.5660132e-06
   3.1342107e-05
   2.1000055e-05
   8.2164817e-06
   8.1943637e-06
   1.1904289e-05
   8.8470909e-06
   9.3438697e-06
   1.4687296e-05
   1.3720044e-04
   7.7565145e-05
   1.7946547e-05
   1.6235387e-05
   2.6620771e-06
   7.5341022e-05
   9.1275080e-06
   8.6558131e-05
   4.3727189e-05
   1.5076726e-05
   8.9318518e-06
   4.5603581e-05
   3.5523808e-05
   1.5781805e-05
   4.5575347e-06
   5.4264915e-06
   7.8938814e-06
   4.9362949e-05
   1.7986024e-04
   2.3061161e-05
   1.3144951e-04
   6.5864393e-05
   7.8836401e-05
   1.5703373e-04
   6.8882162e-05
   7.3169346e-06
   3.7639608e-05
   9.3491605e-05
   3.3009716e-05
   7.6895118e-05
   1.7644545e-04
   5.1308905e-06
   4.3208177e-05
   1.3182219e-05
   6.9465493e-05
   1.0249343e-04
   1.3444503e-06
   9.1246050e-05
   4.4983648e-05
   1.8529901e-06
   1.0400782e-04
   2.0581025e-04
   3.1817421e-05
   2.2823166e-04
   9.1560411e-05
   5.2558681e-06
   4.0764320e-07
   3.8047790e-05
   6.3639304e-05
   3.2082291e-05
   3.6735860e-06
   6.4239827e-06
   1.8081743e-05
   3.5294899e-05
   8.1464835e-05
   8.0486178e-06
   2.2776136e-05
   3.9005205e-05
   6.3131892e-06
   4.1084510e-05
   3.0871050e-05
   8.8432012e-06
   1.9465463e-05
   3.7782712e-05
   1.3470228e-04
   1.4416477e-04
   2.5865855e-05
   4.8150072e-05
   2.4177358e-05
   3.5613516e-05
   3.9193642e-05
   6.9913570e-05
   3.1531839e-04
   6.9439234e-05
   8.0240582e-05
   1.1868565e-04
   6.0701384e-05
   5.2530787e-05
   8.3627095e-05
   1.5676146e-04
   3.7711464e-05
   6.8529561e-05
   1.5696842e-06
   3.0167843e-05
   1.7344711e-05
   7.0002780e-05
   1.0513742e-04
   1.7163141e-04
   1.2390509e-05
   9.0318735e-06
   4.3572403e-05
   2.5700921e-05
   7.1142913e-06
   2.3264905e-05
   1.1762190e-04
   1.0751318e-04
   1.0506615e-04
   3.2133946e-04
   1.7424504e-05
   1.0230821e-05
   6.2446105e-05
   8.0168027e-05
   5.1332767e-05
   9.2466140e-05
   7.2537014e-05
   3.0323686e-06
   9.7169442e-05
   1.8645654e-04
   6.5889167e-05
   2.9853717e-05
   1.2929143e-04
   3.4374514e-05
   4.0708165e-06
   2.4072006e-05
   3.6752950e-05
   2.8472326e-05
   3.9212183e-05
   7.7665736e-06
   4.3571776e-05
   7.6942318e-07
   7.0423312e-05
   6.8965097e-05
   7.3895914e-06
   8.3421669e-05
   5.4847449e-05
   1.5437512e-06
   1.5569862e-05
   4.1884773e-05
   3.1294573e-05
   5.2221492e-05
   2.7963081e-06
   1.5964817e-04
   9.8185594e-05
   1.0430371e-05
   6.3428791e-05
   5.1279424e-06
   4.2862857e-05
   2.1060189e-05
   3.7282678e-05
   6.5346270e-05
   7.4666011e-06
   1.1946494e-06
   4.8550800e-05
   8.3761325e-05
   9.7217447e-06
   1.5950795e-05
   6.5475911e-06
   7.6686454e-05
   1.2022483e-04
   1.5883302e-05
   2.7472124e-05
   6.0196577e-05
   1.9592795e-04
   5.3892907e-05
   3.4027409e-05
   6.4919951e-05
   1.8288021e-05
   3.1303267e-05
   2.1471669e-05
   2.4343688e-05
   5.8898456e-05
   3.1559528e-05
   1.2522276e-04
   1.7993814e-05
   2.7734200e-05
   2.2679744e-05
   2.3048989e-05
   3.3085043e-05
