   3.8519005e-31
   2.6496042e-02
   1.7557129e-01
   1.8328940e-01
   3.7217492e-02
   5.6972274e-03
   3.5602939e-03
   1.2027345e-02
   2.5648879e-02
   1.8942183e-02
   3.1264903e-02
   2.6453990e-02
   1.7051507e-02
   1.8769649e-02
   1.7003566e-02
   1.9869843e-02
   2.5002898e-02
   3.2311246e-02
   3.4359299e-02
   5.1685974e-02
   4.1840088e-02
   2.1239374e-02
   2.5347102e-02
   1.1115786e-02
   3.9026002e-04
   2.2090180e-04
   3.0291450e-03
   6.1070494e-03
   5.0471483e-03
   1.0650968e-02
   1.2357273e-02
   7.0226092e-03
   6.1827221e-03
   5.7696608e-03
   6.1562201e-03
   2.8789729e-03
   1.0066186e-05
   5.6756357e-04
   2.7346768e-03
   4.2767117e-03
   3.7389071e-03
   3.6573279e-03
   2.3809207e-03
   1.0047878e-03
   3.9424208e-04
   3.6733129e-05
   5.5238413e-04
   1.0505767e-03
   5.1420167e-03
   5.0239610e-03
   1.7815658e-03
   2.6632458e-03
   5.1257127e-03
   2.5888491e-03
   2.6991374e-04
   7.1962292e-05
   6.5233504e-05
   2.7470886e-04
   3.9605580e-04
   2.0050482e-03
   8.4979333e-04
   9.6023458e-04
   5.7174169e-04
   1.0899669e-03
   1.3018375e-03
   7.7564600e-04
   1.6461696e-04
   4.4385087e-04
   4.9750877e-04
   1.7719539e-04
   1.8172651e-05
   3.0585578e-05
   1.9578628e-04
   1.1956595e-04
   3.5638028e-04
   2.4496112e-04
   1.0651544e-04
   1.3589604e-04
   1.4488088e-04
   1.3751838e-04
   1.3011728e-04
   3.8581480e-04
   4.2593985e-04
   1.1528713e-04
   4.2709931e-04
   1.3660964e-04
   4.4734121e-04
   3.2304615e-04
   4.7567781e-05
   6.3758839e-05
   9.4068250e-06
   2.6960939e-04
   8.5351655e-04
   2.1394646e-04
   2.0009867e-04
   2.5007772e-04
   9.1651912e-05
   7.8107746e-05
   7.6682981e-05
   1.5812427e-04
   3.3096077e-05
   1.3638332e-04
   7.6165155e-05
   3.6285110e-05
   8.7812978e-05
   1.4876209e-04
   2.6756325e-04
   6.4885660e-05
   3.0041534e-05
   7.2518043e-05
   7.0844399e-06
   4.8926045e-05
   1.1780482e-05
   1.5739067e-05
   3.9094422e-06
   1.3347385e-05
   1.9610996e-04
   2.8576829e-04
   3.0544831e-05
   1.9534717e-06
   5.2605298e-06
   3.9461398e-06
   1.7424681e-05
   1.7210594e-04
   1.0289430e-04
   2.9059795e-05
   1.0708121e-04
   4.4672228e-05
   4.5102165e-05
   7.2629839e-05
   1.9098630e-05
   8.3575980e-06
   5.1028242e-05
   1.6989568e-04
   4.8969231e-05
   8.3866367e-05
   3.2936833e-05
   1.5598260e-05
   9.5703370e-06
   2.0086927e-04
   2.3136167e-04
   4.2791736e-05
   8.1747722e-05
   3.9517834e-05
   5.7479333e-05
   3.1407778e-05
   5.1355509e-06
   1.4170926e-05
   1.2701388e-05
   9.8841690e-06
   3.9881728e-06
   1.8147742e-05
   1.4279707e-06
   1.2468652e-05
   5.7303795e-05
   4.9755518e-05
   5.1690332e-05
   4.8805176e-05
   2.2990382e-05
   8.6181734e-05
   6.1714609e-05
   4.2694928e-06
   2.7208805e-06
   2.9842417e-06
   1.0575025e-05
   3.1704300e-05
   5.3352478e-05
   1.0855265e-04
   1.5264764e-04
   6.4171580e-05
   3.5370864e-05
   1.6757267e-05
   2.5270800e-06
   5.8445314e-06
   3.8265853e-05
   6.7429000e-05
   2.5455482e-05
   4.6099875e-05
   2.6412194e-05
   7.9321740e-06
   2.5251576e-05
   7.0054550e-05
   5.1964456e-05
   6.7689319e-07
   4.4729177e-05
   4.8453499e-05
   5.5385053e-05
   6.5758735e-05
   1.0700952e-05
   2.0218976e-05
   8.5847534e-05
   1.8314319e-05
   1.2111403e-05
   6.5839812e-06
   5.5011911e-06
   3.8245304e-05
   8.7675776e-06
   1.1029735e-05
   6.3018147e-06
   4.3937924e-05
   3.4264705e-06
   3.7000668e-05
   7.6949395e-05
   1.5186192e-05
   3.0094796e-06
   2.0581427e-05
   7.2327439e-05
   4.9313801e-05
   7.0755652e-06
   5.2332427e-06
   2.2325718e-05
   4.0203416e-05
   5.9471606e-05
   6.6238010e-05
   2.6653716e-05
   3.3254145e-06
   3.1031470e-05
   4.5658242e-06
   2.0692994e-05
   8.9667593e-06
   5.0280696e-06
   3.9603952e-05
   5.3134823e-05
   1.9450397e-05
   5.5947420e-05
   1.0088976e-04
   4.0232540e-06
   1.0999744e-05
   3.1663714e-05
   1.6006063e-05
   1.1399395e-05
   6.4401070e-05
   5.7711884e-05
   1.3009135e-05
   3.9731612e-05
   1.8679338e-05
   1.2059190e-05
   6.8877536e-06
   8.9682104e-05
   3.6245082e-05
   2.4524771e-05
   2.5306539e-05
   3.6616371e-05
   3.8946217e-06
   3.8146397e-06
   4.9299735e-06
   2.4415738e-05
   3.6559947e-05
   3.7617770e-06
   1.1104436e-05
   5.8975155e-06
   2.6287944e-05
   7.3109329e-05
   1.6185369e-05
   1.1355944e-06
   1.1220745e-05
   2.1908413e-05
   4.4346499e-06
   2.5288638e-06
   2.7265202e-05
   2.9542603e-05
   9.9342362e-06
   8.3383307e-06
   5.3828425e-06
   1.6132021e-05
   3.7702537e-05
   1.5812459e-05
   1.0193147e-05
   2.1475390e-05
   2.6134740e-05
   7.3560136e-06
   3.6832700e-05
   5.0810719e-05
   1.5295628e-06
   1.2196897e-04
   1.1884354e-04
   1.7570516e-05
   1.9540758e-05
   3.5286185e-05
   2.8853380e-05
   2.9529771e-05
   7.6837695e-06
   2.3979442e-05
   1.7298788e-05
   1.4724846e-06
   5.3827916e-06
   7.5552676e-07
   1.4842512e-05
   2.4993171e-05
   3.2171793e-05
   6.9653979e-07
   1.6586492e-05
   5.1775529e-06
   4.4895819e-06
   1.0530503e-05
   6.3664867e-05
   3.8652102e-05
   3.4098296e-06
   1.4698574e-05
   3.8545878e-06
   1.3523086e-05
   1.4278347e-05
   3.1023226e-07
   8.0855128e-06
   9.1249318e-06
   1.3668895e-05
   2.2360038e-05
   2.0610680e-05
   3.5071191e-07
   7.1741788e-06
   2.6951841e-05
   1.0521316e-04
   9.7411131e-05
   2.9721461e-05
   7.7439709e-06
   2.7587351e-05
   1.0869329e-05
   2.4258945e-06
   2.3924698e-05
   1.6579231e-05
   1.1552949e-05
   3.1902433e-05
   7.0738445e-05
   2.7267077e-06
   8.2371082e-06
   3.4983968e-06
   1.4793449e-05
   4.0926291e-05
   4.8526283e-05
   2.4093393e-06
   8.4908679e-05
   6.2132651e-05
   1.4827493e-05
   1.9832567e-05
   5.6661979e-06
   5.2032426e-06
   7.0483057e-05
   4.8160637e-05
   1.6258384e-05
   1.0494858e-05
   6.8584884e-06
   4.9005461e-07
   1.2648699e-05
   2.5784235e-06
   4.3768527e-06
   3.4819527e-06
   6.1094302e-05
   3.0018104e-05
   1.6124769e-05
   2.9180177e-05
   9.1160624e-07
   4.4891852e-06
   1.2986193e-05
   1.6854071e-05
   1.2643551e-05
   3.6150872e-06
   1.8159300e-05
   3.7281769e-05
   8.8281752e-06
   2.8231978e-05
   5.3116539e-05
   1.2153590e-05
   5.6477984e-06
   1.6363747e-05
   3.7273305e-05
   1.2628981e-04
   7.4544160e-05
   9.6326526e-06
   3.5607964e-06
   2.4466781e-05
   8.2095781e-05
   1.2798187e-04
   8.2577353e-05
   3.5951796e-05
   5.4371750e-05
   1.8183990e-05
   2.8062458e-06
   1.5397090e-05
   2.0766207e-05
   1.6576845e-05
   3.4919417e-05
   1.5411756e-05
   1.3258792e-05
   1.0771782e-05
   2.2792931e-06
   1.7099458e-06
   5.8714814e-06
   4.2787290e-06
   3.3041803e-05
   2.8353058e-05
   1.3348905e-06
   7.1055701e-06
   1.7168334e-06
   1.4377197e-05
   1.5634165e-05
   6.7024742e-07
   7.2502500e-06
   1.9487994e-05
   1.5361010e-05
   6.9212353e-06
   6.0290100e-06
   3.6796650e-05
   1.8156716e-05
   1.1911342e-05
   6.5395094e-06
   3.4826586e-05
   6.8972597e-06
   1.5155049e-05
   3.1378609e-05
   2.8418858e-05
   1.8264119e-05
   1.0774782e-05
   9.6107039e-06
   5.1967463e-06
   1.3903131e-06
   2.8225699e-05
   7.8826141e-05
   3.3696935e-06
   7.9110457e-06
   3.5535042e-05
   3.0896986e-05
   4.3926932e-05
   3.8235398e-06
   1.2163247e-05
   2.1666633e-05
   2.8637045e-05
   4.8294555e-06
   1.9959584e-05
   7.0472052e-05
   1.5519065e-05
   2.6515076e-06
   3.7979572e-05
   1.1021113e-05
   1.4530004e-05
   6.8745532e-06
   4.6576520e-06
   4.5919177e-05
   2.7655831e-05
   3.8609413e-05
   6.6498245e-05
   6.8064267e-05
   2.2574462e-05
   5.3924462e-05
   3.7617962e-05
   6.4071117e-06
   7.3495896e-06
   8.2511547e-05
   1.4331560e-04
   1.6233929e-04
   9.7702552e-06
   3.4986654e-05
   2.8135203e-05
   4.4252200e-05
   5.3899822e-06
   2.6822274e-05
   4.4183032e-05
   1.3919244e-05
   1.4887721e-05
   6.5717838e-05
   5.6099287e-05
   2.4331539e-05
   1.0306849e-04
   1.9534674e-05
   1.3042283e-04
   6.3014765e-05
   2.3100120e-05
   4.8700782e-05
   1.2414505e-05
   1.0241933e-05
   4.9888204e-05
   5.5937730e-05
   3.7516443e-06
   4.4575796e-05
   8.1073308e-06
   1.9683144e-05
   2.9262155e-05
   2.0689112e-05
   2.4269407e-05
   1.1328119e-05
   3.7507307e-07
   9.3397887e-06
   2.3619536e-05
   9.2356441e-06
   4.8434461e-05
   5.4767802e-05
   7.5164205e-06
   1.2501920e-05
   1.9948573e-05
   2.7246025e-05
   1.0702616e-05
   1.5347571e-05
   8.5117430e-05
   9.0686815e-05
   6.1796142e-05
   7.4243997e-07
   6.2839682e-05
   3.4788994e-05
   4.6564658e-05
   4.6327467e-05
   4.7281592e-05
   1.4037941e-05
   8.1402361e-06
   4.5997304e-05
   1.2054893e-05
   2.0038616e-05
   4.8548294e-05
   1.5340342e-05
   7.5999248e-06
   2.9568850e-05
   3.8458227e-06
   6.9994291e-05
   9.2924229e-06
