   8.7569212e-32
   1.5273367e-01
   1.1930091e-01
   2.2898362e-01
   1.1547126e-01
   4.7886970e-02
   3.1917854e-02
   3.1619491e-03
   2.8791448e-03
   7.2551218e-03
   3.2499584e-04
   4.9484584e-03
   4.6021886e-03
   1.6214316e-03
   1.2022504e-02
   2.5490415e-02
   1.1743578e-03
   7.2564342e-03
   2.2796149e-02
   1.2291766e-03
   3.1365843e-02
   8.6386293e-03
   1.9488674e-02
   1.2115621e-02
   7.0681111e-03
   9.6366634e-03
   2.5807475e-03
   7.3867870e-04
   8.8292270e-03
   1.5139830e-03
   4.2558544e-03
   9.5945094e-03
   1.5108940e-03
   1.0328148e-03
   6.5057258e-03
   1.8295940e-03
   5.3310619e-03
   3.6961894e-03
   1.8911506e-04
   9.5840349e-04
   4.8789991e-04
   2.1721926e-03
   3.8943751e-04
   2.0931587e-04
   2.1198893e-03
   2.2324632e-04
   3.1550643e-03
   2.4272465e-03
   5.9458100e-04
   3.3494951e-04
   4.2197144e-04
   4.2276673e-05
   5.5192133e-04
   8.6574127e-04
   1.1903023e-03
   6.9854681e-04
   8.2443836e-04
   1.2746909e-04
   1.1765403e-03
   3.4684915e-04
   3.4571746e-04
   4.7969758e-04
   8.8797214e-04
   3.6561410e-04
   1.2456638e-03
   1.7137094e-03
   2.3716867e-03
   8.3707856e-04
   1.5203088e-05
   2.3999012e-04
   2.3796320e-04
   7.1372803e-06
   1.0469702e-04
   7.9345454e-05
   1.1840998e-04
   4.0801398e-04
   9.8610932e-05
   4.2709876e-04
   6.5096676e-05
   2.1729319e-04
   4.3558445e-04
   8.0103300e-04
   1.5879317e-04
   9.5185046e-04
   7.4336866e-05
   1.7513616e-04
   8.2668800e-05
   2.7353844e-05
   3.7098552e-04
   2.4633755e-04
   3.7577464e-04
   8.2291814e-04
   6.5223339e-05
   4.2688541e-05
   5.5276044e-04
   2.1562751e-04
   1.8117755e-04
   6.6972667e-05
   6.3758910e-05
   1.4293888e-04
   2.7309064e-05
   1.1111382e-04
   2.4005221e-04
   9.3920370e-04
   3.2334188e-04
   1.2569583e-04
   5.5675419e-05
   1.8917108e-04
   5.0942714e-05
   3.3326217e-04
   3.8695032e-05
   3.0337755e-05
   4.4507531e-05
   1.9767940e-05
   2.3852916e-04
   5.2215257e-05
   9.9056628e-05
   2.5862042e-05
   1.2354732e-04
   1.6791983e-04
   5.6144339e-05
   8.3502106e-05
   3.7312650e-07
   5.9887720e-06
   7.9254972e-05
   1.9826275e-04
   2.8090182e-04
   2.3506937e-04
   5.1910909e-05
   1.9128902e-05
   2.5578020e-05
   3.7369836e-04
   2.3683149e-04
   2.3196066e-05
   1.2091697e-04
   1.9185419e-04
   1.0016299e-04
   1.4540064e-04
   4.6677827e-05
   5.2608656e-06
   1.5781378e-05
   6.0985297e-05
   3.8363857e-05
   1.6180910e-05
   2.2017928e-04
   1.2605713e-04
   3.2005244e-06
   4.0970367e-06
   3.7581643e-05
   5.1676728e-05
   2.8500961e-05
   8.4294109e-05
   2.2625993e-04
   3.4861408e-05
   5.8717779e-05
   2.4674734e-06
   1.3392618e-05
   3.6484984e-05
   1.4830535e-04
   3.6812595e-05
   1.0210316e-04
   1.0785508e-04
   6.9822570e-05
   2.1712000e-05
   4.5964974e-05
   5.3557804e-05
   1.6177225e-05
   8.3095691e-05
   9.0944664e-05
   2.6770978e-05
   1.4568795e-04
   3.5992906e-05
   4.5142115e-06
   4.5629102e-06
   2.0890863e-05
   2.6120032e-04
   5.3295918e-05
   9.8017674e-05
   6.2044605e-05
   7.5565164e-05
   2.0529612e-04
   6.2299440e-05
   1.2644047e-04
   5.6947947e-05
   1.1769514e-04
   3.5534586e-04
   8.1905940e-05
   1.7575479e-05
   2.8471006e-04
   1.0664332e-04
   7.6857807e-06
   4.8127240e-05
   7.9507055e-05
   5.7171507e-05
   6.2644081e-06
   7.0069993e-05
   8.8849915e-05
   1.1707490e-05
   3.4314381e-05
   1.2784057e-04
   5.9536651e-05
   1.8722547e-04
   6.5815655e-05
   2.9662599e-05
   6.9332945e-05
   1.1954881e-05
   1.1361916e-04
   9.5822603e-05
   5.7609126e-05
   7.2471747e-05
   6.3827949e-05
   2.8298137e-07
   5.4369815e-05
   2.3339667e-05
   1.0936233e-04
   6.0273389e-05
   7.7585617e-05
   4.1397817e-05
   5.3094879e-05
   2.7550272e-04
   9.4268402e-05
   4.1797224e-05
   1.9885486e-05
   1.3027784e-05
   7.6829202e-05
   2.2337353e-04
   3.8245208e-05
   6.1596262e-05
   8.2782360e-06
   6.4060652e-05
   1.1054184e-04
   4.9525909e-06
   1.4155481e-04
   1.2235510e-04
   4.6635589e-07
   6.8881061e-05
   1.1584891e-04
   1.1766244e-04
   1.5494562e-05
   1.4592849e-04
   9.5966670e-05
   3.5101150e-05
   7.4558098e-05
   1.1585070e-04
   3.4353236e-05
   1.3997695e-04
   3.3783940e-05
   1.1602748e-04
   8.1237808e-05
   2.3699578e-05
   6.3408090e-05
   3.4010669e-04
   3.5510018e-05
   2.2055082e-05
   1.0721429e-05
   1.1073865e-04
   1.2930021e-04
   1.6071157e-04
   1.6960644e-04
   1.2224895e-04
   1.3006503e-04
   1.1563952e-04
   1.3263736e-05
   1.1857122e-04
   1.6075609e-04
   1.2817058e-04
   1.0330769e-04
   6.1148055e-05
   1.1962112e-04
   1.2027329e-04
   1.4546294e-04
   1.1500155e-04
   4.7436638e-05
   5.7870113e-05
   7.0304744e-05
   2.9083146e-06
   8.7199528e-05
   2.9685578e-05
   4.9404932e-05
   6.5240672e-05
   1.5846319e-05
   5.2458428e-05
   1.2428039e-04
   6.7211959e-06
   4.3930931e-05
   3.6020949e-06
   1.5985715e-05
   3.7646627e-05
   1.5128200e-04
   1.4924181e-04
   2.6829531e-05
   1.5009443e-04
   1.3568671e-04
   5.9505370e-06
   9.7050133e-05
   1.5729915e-04
   1.2060682e-04
   9.3814371e-05
   5.4030413e-05
   1.3307335e-04
   1.0146819e-04
   9.8121142e-05
   4.0366103e-05
   4.8145920e-05
   9.5392255e-05
   4.2130994e-07
   1.0047266e-05
   2.0577786e-04
   7.3996771e-05
   1.1597275e-05
   7.0641320e-05
   1.2119126e-04
   1.3006537e-04
   2.2428274e-04
   8.3879985e-05
   8.8885485e-05
   8.0565550e-05
   4.9645053e-05
   1.8542350e-05
   2.0948152e-05
   1.3987257e-04
   1.2820455e-04
   2.9957742e-05
   1.0337381e-05
   2.3818649e-05
   2.7967582e-04
   1.1113487e-04
   8.3927919e-05
   9.5621463e-05
   1.4447711e-05
   3.6158010e-06
   1.4412016e-05
   4.6674333e-05
   1.1082410e-04
   8.6625443e-05
   1.9763663e-06
   5.6536656e-05
   1.6142479e-04
   1.5205739e-04
   6.5027937e-05
   6.7467900e-05
   7.7578372e-05
   8.1440015e-05
   1.0997737e-04
   5.9843243e-05
   3.2640524e-05
   9.8431108e-05
   1.5519785e-04
   8.0745501e-05
   5.4984928e-05
   1.0487634e-04
   1.7793359e-04
   1.1159731e-04
   1.7447684e-04
   1.8492560e-05
   2.1179153e-05
   7.4214268e-05
   4.6660598e-05
   9.9763735e-06
   6.8069999e-06
   1.3685077e-05
   4.0091754e-05
   8.6688040e-06
   3.5979125e-06
   5.6578049e-05
   1.5756120e-05
   2.7334213e-06
   1.8605847e-05
   8.7829018e-05
   1.0275077e-04
   2.2465203e-05
   5.9899905e-05
   1.9605868e-04
   1.1673551e-04
   3.2818020e-05
   1.2810295e-04
   8.7269759e-05
   1.7805097e-04
   3.1081949e-05
   2.2298907e-06
   3.1358781e-05
   8.5690558e-06
   1.6821853e-04
   3.2618126e-04
   8.2015537e-05
   3.4626190e-05
   1.2906248e-05
   1.0015511e-05
   2.3311336e-05
   1.5613507e-04
   7.3572228e-05
   2.8481474e-05
   2.9290062e-05
   3.5982071e-06
   9.2278977e-06
   6.2441196e-05
   9.6087527e-05
   3.4360638e-05
   9.8787612e-05
   2.8411881e-04
   1.1328136e-04
   1.3903462e-04
   5.3677778e-05
   1.1705331e-05
   5.6309169e-05
   1.5937173e-04
   9.0914545e-05
   3.1494657e-05
   5.9740372e-05
   1.4704950e-04
   2.4984099e-05
   1.0802979e-05
   8.3810567e-05
   2.9469483e-05
   1.9118324e-05
   4.7569413e-05
   5.1342854e-05
   5.4360119e-05
   1.2687176e-04
   4.8307060e-05
   2.8642210e-05
   1.2853953e-04
   2.1533134e-04
   4.1589641e-04
   1.8747187e-04
   8.6873074e-05
   1.5219144e-04
   5.1982660e-05
   1.2172486e-04
   1.1997272e-04
   1.4005633e-04
   1.2733868e-04
   2.9388097e-05
   1.2501695e-04
   4.4488186e-05
   8.4411789e-05
   9.9109118e-05
   7.1602281e-06
   6.3158298e-05
   2.6755841e-05
   1.2576990e-05
   3.2445562e-05
   1.7215128e-04
   1.5203916e-04
   7.7630420e-05
   1.7190756e-05
   4.9768130e-05
   3.3746004e-05
   4.7444070e-06
   1.2192744e-04
   7.8816991e-05
   1.4222472e-04
   2.7263028e-04
   5.1046577e-05
   4.5164831e-05
   2.5799220e-04
   1.3605904e-04
   5.0853351e-05
   1.0461896e-04
   1.3141134e-04
   1.1852393e-04
   1.4000523e-04
   1.3027784e-04
   2.3855407e-04
   1.4038557e-04
   3.8777682e-05
   1.8593930e-05
   7.4762446e-05
   6.9030801e-06
   2.2333926e-05
   2.4003706e-05
   8.0320160e-05
   9.1439999e-05
   2.2054539e-06
   6.1576521e-06
   8.0350728e-05
   7.9541159e-05
   2.4557379e-04
   1.6780586e-04
   1.1272340e-04
   1.6552166e-04
   5.8426530e-05
   6.5758128e-05
   1.3962188e-04
   3.9569190e-04
   3.0034106e-04
   6.4485027e-05
   2.4050141e-04
   2.3000302e-04
   1.1618305e-04
   1.7962895e-04
   6.1055404e-05
   9.9109977e-05
   1.3192073e-04
   4.5893506e-05
   1.0777851e-04
   2.4750077e-04
   1.1269603e-04
   4.1653602e-05
   4.4956250e-05
   5.7860682e-05
   2.8325156e-06
   2.0762745e-05
   4.1767036e-05
   1.2106339e-04
   1.6873890e-04
   2.9196315e-04
   1.7853343e-04
   3.1994645e-04
   8.9647944e-05
   8.6552458e-05
   1.1730100e-04
