   1.6216036e-33
   6.6867296e-02
   1.9498045e-01
   2.1170314e-01
   1.1495364e-01
   1.5358492e-02
   1.0035323e-02
   3.7259899e-02
   1.6171728e-02
   1.0773432e-03
   3.2379320e-02
   6.4509251e-02
   3.1884969e-02
   3.6812847e-03
   1.1095995e-02
   1.2453677e-02
   1.7298804e-02
   1.5336142e-02
   7.2661770e-03
   1.4585083e-02
   4.3280458e-03
   6.4530733e-04
   4.1367459e-03
   4.6772344e-03
   2.1239722e-03
   2.2848057e-03
   9.8820757e-03
   4.4013928e-03
   3.1448872e-03
   1.0001029e-03
   5.9662519e-03
   5.0331308e-03
   1.0363356e-03
   3.7478494e-03
   5.3045721e-03
   1.1247038e-03
   2.9007029e-03
   5.3230616e-03
   1.7063744e-03
   2.2484765e-05
   1.0932322e-04
   2.0217005e-04
   2.5647898e-04
   4.3512262e-04
   1.8338052e-03
   1.6815776e-03
   5.1091278e-04
   2.2939850e-03
   3.3037409e-03
   8.2544530e-04
   6.8228410e-05
   5.2457967e-05
   5.0055700e-04
   6.1520489e-04
   1.1336650e-04
   7.5158290e-04
   2.4873332e-04
   5.3873104e-04
   1.4955235e-03
   8.9367828e-04
   4.3116083e-04
   5.9736461e-04
   7.2173692e-04
   7.9333248e-05
   9.1842772e-04
   1.2952105e-03
   2.6514824e-04
   2.4732511e-03
   8.4424914e-04
   6.9742303e-04
   7.0983414e-04
   1.8829424e-05
   5.8371103e-04
   1.9883333e-04
   3.4335393e-04
   1.0166849e-03
   6.0753243e-04
   1.2565930e-04
   1.8113868e-04
   6.4418453e-04
   1.4482714e-04
   1.1221153e-04
   3.0260330e-04
   6.5289930e-05
   1.0819708e-04
   2.2225873e-04
   1.8911654e-04
   1.7127806e-04
   7.2725116e-05
   1.2562903e-04
   8.6889758e-05
   1.7553093e-04
   1.3872398e-04
   1.3549162e-04
   6.1209338e-05
   7.2478897e-05
   3.4231880e-04
   2.0232644e-04
   1.2853035e-04
   3.7093908e-04
   8.8147820e-05
   3.2434992e-04
   1.8832479e-04
   1.6400377e-04
   6.0302197e-04
   3.8539087e-04
   9.7945034e-05
   2.5248622e-04
   6.2717609e-04
   1.6472222e-04
   2.5440927e-04
   7.7629042e-04
   3.9258736e-04
   2.0645103e-05
   3.4585096e-04
   5.6311651e-04
   3.0675977e-04
   2.0510026e-05
   7.1434556e-04
   5.0577763e-04
   1.8837381e-05
   2.7106517e-04
   2.0157952e-04
   4.2285775e-04
   2.5496800e-04
   1.7344564e-04
   1.8630861e-04
   3.9408009e-06
   1.4705577e-04
   1.0413482e-04
   8.3984680e-06
   1.9308977e-05
   2.2222864e-05
   1.3939700e-05
   9.1904127e-05
   3.0274311e-04
   2.0358057e-04
   4.5236386e-05
   7.6832912e-05
   1.0583569e-05
   1.9085721e-05
   1.3686283e-05
   8.9003629e-05
   5.9900731e-05
   4.9966290e-05
   9.1117883e-07
   2.7397354e-04
   2.8025139e-04
   5.4022766e-06
   2.9133988e-05
   3.2615128e-05
   6.5601253e-05
   5.9908302e-05
   2.8833318e-06
   7.4148581e-05
   1.5781205e-04
   8.2645926e-06
   7.8505632e-05
   4.2894410e-05
   5.9077417e-06
   9.0027411e-06
   5.2305028e-05
   2.0161694e-04
   6.9755060e-05
   8.4409427e-05
   1.2067856e-04
   1.5178625e-04
   2.3799099e-04
   3.9893045e-05
   1.0175006e-04
   1.7727816e-04
   4.6743972e-05
   4.5592108e-05
   1.4741895e-04
   1.3551054e-04
   9.6292544e-05
   7.7852509e-05
   2.6264193e-05
   2.1700120e-05
   1.1080267e-05
   1.3977455e-05
   2.3274182e-05
   4.1697656e-05
   3.1923269e-05
   4.2727269e-05
   1.8371206e-04
   4.5897062e-05
   3.3725292e-06
   1.0082230e-05
   1.6203594e-05
   1.3693914e-05
   3.2666823e-06
   6.5495370e-06
   1.7568293e-05
   8.3789220e-06
   4.2023430e-05
   1.7076772e-05
   7.5182684e-06
   1.1866212e-05
   9.0585364e-06
   9.8782099e-06
   2.0041487e-05
   3.2659475e-05
   5.4571010e-06
   2.0150133e-05
   8.4687016e-06
   2.4558248e-05
   3.8635701e-06
   2.3157584e-05
   8.1019320e-05
   5.0683376e-05
   2.0749385e-06
   3.3156356e-05
   5.2031919e-05
   3.9773243e-05
   2.0704917e-05
   1.1817277e-05
   9.4746782e-05
   5.5602259e-05
   3.2008718e-05
   3.3324540e-05
   2.5598951e-06
   4.8270057e-05
   4.4230153e-05
   9.9499984e-06
   5.0444897e-06
   3.1422517e-06
   1.0366335e-05
   4.1292560e-05
   3.7328303e-06
   1.8918711e-05
   6.6546130e-06
   4.2832822e-05
   2.2394947e-05
   2.0172416e-06
   9.2264721e-06
   4.4485011e-06
   1.3146572e-05
   1.9682390e-05
   2.9837937e-05
   2.5818357e-05
   2.8097391e-06
   3.3440279e-06
   1.0712680e-05
   2.2616934e-05
   3.7650270e-05
   5.0385342e-05
   4.9258253e-05
   1.0794123e-05
   1.0217822e-05
   9.5127150e-06
   2.1722991e-05
   2.5358055e-05
   3.2722863e-06
   3.2586713e-06
   4.4470479e-06
   4.7368065e-05
   7.2139236e-05
   2.7549705e-05
   1.7217675e-05
   1.1739599e-05
   2.8500992e-05
   1.5258177e-06
   1.3472920e-05
   3.7009569e-07
   2.3955875e-06
   1.8733230e-05
   5.4578383e-05
   2.4023650e-05
   1.5038000e-05
   1.8555430e-05
   3.8068706e-06
   7.1638352e-06
   2.8635332e-06
   1.8105798e-06
   5.2624714e-06
   2.0431040e-05
   8.0850321e-06
   9.0328172e-06
   4.6314299e-06
   6.2210434e-06
   6.1462577e-06
   3.4882965e-05
   7.2928876e-05
   2.9550760e-05
   3.2033109e-06
   7.3394146e-06
   1.9799097e-05
   4.2151822e-05
   4.0158797e-06
   4.7946755e-06
   1.2438760e-06
   6.6639091e-06
   6.7624429e-05
   1.8458379e-05
   1.1315944e-04
   6.1608934e-05
   1.1816549e-05
   6.3676847e-05
   4.1276567e-05
   7.6916685e-06
   2.7216233e-05
   1.3491733e-06
   1.9795095e-05
   1.4271458e-05
   8.6896637e-06
   1.2547569e-05
   2.9573622e-06
   2.7417291e-05
   3.2205616e-05
   8.7535566e-06
   2.7376375e-05
   4.1754960e-05
   3.2219381e-06
   1.2096302e-05
   4.2586998e-06
   1.2766992e-05
   1.8146356e-05
   4.1995924e-05
   1.9082222e-05
   1.2131791e-05
   4.5118835e-05
   2.1207403e-05
   3.7187457e-06
   7.1692552e-07
   4.9961758e-06
   3.2924716e-05
   5.2900143e-05
   2.1575272e-05
   1.2157204e-05
   5.9846752e-06
   1.3476469e-05
   5.6018499e-05
   7.7652174e-05
   2.4506220e-05
   2.6427902e-05
   2.8559988e-05
   2.1272132e-05
   1.8404128e-05
   1.4351739e-05
   3.8462590e-06
   5.6165867e-06
   8.2679028e-06
   9.5446184e-06
   1.0617758e-05
   2.8397637e-06
   1.4171782e-05
   5.4914027e-06
   3.0590421e-06
   1.2744402e-05
   1.8337139e-05
   3.0567610e-05
   1.1203387e-05
   5.5930836e-05
   6.5957432e-05
   3.4094597e-05
   6.3541657e-07
   5.8227159e-05
   7.4017931e-05
   1.1447924e-05
   5.6332598e-06
   2.6251107e-05
   3.2651094e-05
   7.4349455e-06
   2.1141377e-05
   2.5602464e-05
   5.9154402e-06
   1.4819397e-06
   1.0714969e-07
   1.2123616e-05
   1.4129713e-05
   2.7692360e-07
   1.7021321e-05
   1.3832809e-06
   3.0261707e-05
   2.8832216e-05
   1.5332151e-05
   1.8332880e-06
   2.7225548e-05
   2.4447857e-05
   1.4725175e-05
   1.9128860e-05
   4.4323382e-06
   4.0151153e-05
   8.3942986e-05
   3.0675992e-05
   3.8084428e-07
   2.3429867e-05
   4.1041334e-05
   1.0409515e-05
   3.4045892e-05
   1.8632487e-05
   1.4744655e-05
   3.5482313e-05
   7.0143958e-06
   8.7371012e-06
   1.1851438e-05
   1.3552486e-05
   1.4389496e-05
   4.5420782e-05
   8.1360603e-05
   2.6159620e-06
   2.1181123e-05
   1.9734409e-06
   3.8992078e-05
   1.3770829e-04
   3.0246781e-05
   5.5521174e-05
   6.2565753e-05
   5.7255961e-05
   8.5211914e-06
   1.3451330e-05
   1.5239670e-05
   2.9277515e-06
   4.0931420e-06
   3.1169325e-06
   6.7308975e-06
   6.8416361e-06
   2.1762636e-05
   1.1094128e-05
   8.9429257e-06
   6.3730130e-06
   2.0614727e-05
   1.8794053e-06
   2.7825466e-05
   9.4531671e-05
   4.5944182e-05
   2.0877792e-05
   4.2180465e-05
   5.6509650e-05
   5.5184566e-05
   5.8851573e-07
   4.1896824e-05
   3.0466488e-06
   1.5205865e-05
   9.5909568e-06
   3.3884182e-05
   2.6165586e-05
   6.8493050e-06
   1.4175147e-05
   2.0147925e-07
   1.4090432e-05
   1.7169754e-05
   1.1083802e-05
   3.0996121e-06
   6.8753194e-06
   2.1298304e-05
   3.6166999e-05
   4.2287790e-06
   3.7281035e-05
   1.3168040e-05
   1.2987650e-05
   1.0143340e-05
   6.5297318e-06
   1.0505495e-06
   1.3247592e-05
   3.1194738e-06
   6.8477347e-05
   2.6197584e-05
   3.5036787e-05
   2.1494926e-05
   4.8408124e-07
   1.0770569e-05
   3.5739622e-05
   2.5652704e-05
   2.5245530e-05
   3.7267697e-07
   4.2606130e-06
   1.0144952e-05
   2.3383159e-05
   6.6715896e-05
   4.8707822e-05
   6.3296120e-06
   6.8279833e-07
   2.2239100e-05
   2.3383308e-06
   1.4984890e-05
   6.2981943e-06
   1.3308621e-06
   3.1385078e-06
   6.8648369e-06
   1.4880322e-05
   1.0606129e-05
   8.7755024e-08
   8.5082546e-06
   8.4244552e-06
   4.3350912e-06
   1.0035259e-05
   4.4319494e-06
   4.6418312e-06
   1.6346450e-05
   1.1915205e-05
   1.9548636e-05
   1.1330255e-05
   3.9608623e-06
   1.1925704e-05
   1.8056548e-05
   1.5850042e-05
   1.5062655e-05
   7.2935759e-06
   7.4226737e-06
   1.0289644e-05
   4.2770206e-06
   1.3509146e-05
   6.6123811e-06
   1.5102837e-05
   2.1400511e-05
   3.6773712e-06
   7.8942422e-06
   4.5739550e-06
   1.5411018e-05
   6.1730852e-06
