   4.1954850e+01
   7.5570216e+01
   4.5205734e+01
   6.3124986e+01
   2.5558247e+01
   8.0500369e+01
   6.3340678e+01
   5.3170391e+01
   4.0270597e+01
   4.9727268e+01
   4.7127818e+01
   4.8920450e+01
   4.2046553e+01
   5.0776007e+01
   4.3942068e+01
   7.8433994e+01
   6.4425502e+01
   5.6594865e+01
   4.3111939e+01
   3.4525396e+01
   3.6236888e+01
   4.9929213e+01
   2.1363931e+01
   2.5402395e+01
   3.7487673e+01
   4.2171263e+01
   3.5228550e+01
   7.5642457e+01
   5.4161029e+01
   5.7667132e+01
   3.4048322e+01
   3.5249494e+01
   4.8260376e+01
   3.2367192e+01
   7.3888910e+01
   7.3311125e+01
   3.8887084e+01
   4.2781821e+01
   6.8784966e+01
   4.2303047e+01
   4.7005083e+01
   2.7221994e+01
   4.7640702e+01
   3.1282145e+01
   3.1966389e+01
   3.8263954e+01
   5.6929062e+01
   1.4312971e+01
   1.8793348e+01
   3.9394804e+01
   5.8458263e+01
   2.9284630e+01
   7.3317625e+01
   2.7439830e+01
   3.6691977e+01
   3.2948644e+01
   3.9226220e+01
   7.7862725e+01
   5.1513319e+01
   5.2487717e+01
   4.2838822e+01
   2.7968801e+01
   2.7582751e+01
   2.3325020e+01
   6.7267403e+01
   6.7767670e+01
   2.2960103e+01
   3.1023511e+01
   1.5739172e+01
   4.7978153e+01
   5.8364287e+01
   4.0026040e+01
   3.4819990e+01
   3.9571291e+01
   2.5866011e+01
   1.4492015e+01
   7.0960627e+01
   6.1673712e+01
   1.4823072e+01
   2.6426570e+01
   3.4539562e+01
   1.9742121e+01
   5.1360625e+01
   2.4808932e+01
   2.0578758e+01
   3.0848635e+01
   3.3798528e+01
   4.0915365e+01
   6.1315617e+01
   4.6708322e+01
   1.9208934e+01
   4.7709080e+01
   4.8554533e+01
   4.8775452e+01
   2.3022277e+01
   3.4611516e+01
   4.3751208e+01
   5.3699409e+01
   2.9249649e+01
   5.8113159e+01
   2.6029541e+01
   3.5400436e+01
   3.4877057e+01
   4.4563493e+01
   3.9872380e+01
   2.9531101e+01
   4.6346544e+01
   3.7849745e+01
   4.3304835e+01
   2.1515171e+01
   4.5552678e+01
   4.9490519e+01
   3.8036040e+01
   4.4086219e+01
   3.5898150e+01
   5.4060470e+01
   4.5452041e+01
   4.6363368e+01
   4.1147134e+01
   4.9746687e+01
   2.6166559e+01
   3.8791435e+01
   5.3699409e+01
   4.9355967e+01
   4.5089088e+01
   4.7943732e+01
   3.9165969e+01
   5.2686183e+01
   4.1047155e+01
   4.1406908e+01
   3.5639324e+01
   3.8565413e+01
   3.9835697e+01
   6.0637639e+01
   4.9796589e+01
   5.6505041e+01
   5.0138818e+01
   5.3134599e+01
   3.9922622e+01
   4.7823549e+01
   3.1727842e+01
   4.5813042e+01
   4.5954056e+01
   5.7716479e+01
   4.3981101e+01
   6.1084742e+01
   3.9229529e+01
   4.9615023e+01
   4.9271698e+01
   4.7581262e+01
   4.4075576e+01
   5.3852409e+01
   4.6090335e+01
   5.3389559e+01
   4.5891979e+01
   6.8285803e+01
   6.4024531e+01
   5.8422887e+01
   3.4868618e+01
   3.1631718e+01
   5.0419570e+01
   5.6757444e+01
   7.8785035e+01
   5.9043008e+01
   4.4302141e+01
   4.6636574e+01
   2.6142040e+01
   5.3221618e+01
   4.2856055e+01
   6.6012627e+01
   6.1799219e+01
   6.0958235e+01
   4.2948095e+01
   3.9685871e+01
   4.6056407e+01
   7.7631194e+01
   9.2626221e+01
   8.4552051e+01
   4.2881683e+01
