   4.7372932e-02
   1.3124116e-01
   7.5225631e-02
   5.3716222e-02
   8.1526817e-02
   1.1523166e-01
   4.5345312e-02
   5.2394242e-02
   3.9680186e-02
   4.0802728e-02
   5.6694177e-02
   4.1439276e-02
   2.8052226e-02
   7.0171417e-02
   3.9968405e-02
   6.6387893e-02
   5.3605195e-02
   7.7158722e-02
   8.0977889e-02
   3.2166958e-02
   4.3290176e-02
   7.2309535e-02
   6.1911726e-02
   3.0774735e-02
   2.7874514e-02
   6.6333397e-02
   2.5523959e-02
   1.0633228e-01
   4.6571985e-02
   6.3561432e-02
   9.6787967e-02
   3.6110710e-02
   6.4546192e-02
   6.1991479e-02
   1.2395172e-01
   1.0339349e-01
   3.7715208e-02
   3.0998249e-02
   6.4127804e-02
   7.0598025e-02
   4.2599672e-02
   3.1797096e-02
   7.3457975e-02
   6.7563458e-02
   6.7616511e-02
   4.8869760e-02
   7.0888626e-02
   3.2315400e-02
   5.4474563e-02
   7.5264984e-02
   7.4418593e-02
   2.7503831e-02
   8.3604914e-02
   6.6540749e-02
   6.4834754e-02
   5.4661637e-02
   6.4127667e-02
   1.2128661e-01
   7.2014243e-02
   1.1527401e-01
   7.3208543e-02
   5.1715105e-02
   6.3095307e-02
   5.4645346e-02
   8.3786044e-02
   9.7162210e-02
   5.7971957e-02
   8.0542102e-02
   3.1019971e-02
   5.0163547e-02
   8.8729969e-02
   8.0262952e-02
   5.1061719e-02
   8.1484137e-02
   7.0027685e-02
   3.6846376e-02
   6.8697945e-02
   8.8045931e-02
   2.8328409e-02
   5.4087417e-02
   5.0107860e-02
   5.4808610e-02
   4.3244299e-02
   4.1158802e-02
   4.5607175e-02
   4.6950247e-02
   5.2455581e-02
   5.2838244e-02
   5.1988127e-02
   4.8287175e-02
   2.8375551e-02
   4.7812023e-02
   3.7611319e-02
   5.4589053e-02
   3.9664274e-02
   5.2867340e-02
   4.3944037e-02
   4.1528326e-02
   3.9992570e-02
   3.9345588e-02
   4.2224275e-02
   4.5572727e-02
   3.9317862e-02
   4.6596320e-02
   3.6760554e-02
   3.7523104e-02
   4.8247336e-02
   4.2198938e-02
   3.8901254e-02
   3.4357412e-02
   4.8046757e-02
   4.2170510e-02
   4.2274148e-02
   5.1809455e-02
   3.0250249e-02
   4.9134383e-02
   4.8575181e-02
   4.4079659e-02
   4.4373672e-02
   3.9285955e-02
   3.8119793e-02
   4.2640230e-02
   4.4492175e-02
   3.0883123e-02
   4.5302747e-02
   5.3015915e-02
   3.8634032e-02
   4.1559088e-02
   3.0851000e-02
   3.4094987e-02
   2.3814068e-02
   5.0683266e-02
   3.2619886e-02
   4.2411041e-02
   5.3319790e-02
   3.6540964e-02
   3.8333642e-02
   6.0878402e-02
   3.2210877e-02
   4.2755336e-02
   4.3815663e-02
   3.9783770e-02
   2.8910336e-02
   4.2690427e-02
   4.2707219e-02
   5.2144203e-02
   3.4049392e-02
   3.1838844e-02
   2.9443544e-02
   3.8648357e-02
   3.5776443e-02
   3.8034368e-02
   3.4602569e-02
   3.3600072e-02
   3.1007446e-02
   6.4183815e-02
   3.4919235e-02
   5.2367020e-02
   3.8055611e-02
   2.2427683e-02
   3.1456934e-02
   3.8738152e-02
   5.5429968e-02
   3.9631101e-02
   3.4842131e-02
   2.4184632e-02
   2.0673484e-02
   2.5596447e-02
   3.3487681e-02
   4.5191211e-02
   2.9588030e-02
   5.6493752e-02
   3.7875605e-02
   2.7264910e-02
   3.3133946e-02
   3.9821130e-02
   7.0270798e-02
   8.2780152e-02
   2.3721914e-02
