   5.3276959e-03
   6.1583073e-02
   1.7736365e-01
   6.6015201e-03
   1.0976703e-01
   6.6924985e-02
   9.0732192e-03
   4.9285150e-02
   5.2538781e-02
   2.0340648e-02
   5.2132983e-02
   1.3206564e-02
   2.9281382e-02
   7.9601095e-03
   2.1301315e-05
   7.4601964e-03
   2.9554494e-02
   2.0344483e-02
   1.7981670e-04
   2.3061936e-03
   6.7767620e-03
   6.5270949e-03
   1.3735774e-02
   1.0171917e-02
   8.9433719e-03
   1.9984498e-02
   3.4957564e-02
   2.0721508e-02
   2.3366474e-02
   6.3571367e-03
   1.2028572e-02
   1.4487526e-02
   1.6541744e-03
   1.2978501e-02
   2.3617074e-03
   1.9610838e-02
   4.2287591e-03
   2.6918996e-03
   6.1746966e-04
   3.0444425e-04
   8.2529093e-04
   2.6091668e-03
   9.4250446e-04
   8.1363416e-05
   2.4731266e-03
   1.8212076e-03
   6.2080900e-04
   6.3260562e-04
   1.0434786e-03
   1.0078844e-03
   5.8078661e-04
   7.8280977e-04
   8.6969484e-04
   5.1062644e-04
   2.0747891e-03
   4.1225501e-04
   9.6865619e-04
   1.7596767e-03
   2.3633105e-04
   9.3068458e-04
   1.6110713e-04
   1.5441611e-04
   3.6912884e-05
   7.5686599e-05
   1.4652763e-04
   3.3418167e-04
   6.7086703e-04
   2.6014847e-04
   2.4145286e-04
   5.7234030e-04
   1.3465669e-04
   8.2821155e-04
   6.9787226e-05
   2.3076600e-04
   2.5147447e-04
   2.7310620e-05
   8.8244750e-05
   9.3682405e-05
   2.6239918e-04
   1.0862674e-04
   7.4530841e-05
   1.7279682e-05
   1.5679610e-06
   8.8005389e-06
   1.0594563e-04
   8.4674479e-05
   4.3314283e-05
   6.0182260e-05
   4.9235201e-04
   4.2448190e-04
   7.3240015e-05
   2.3229985e-04
   2.5963791e-05
   6.4180352e-05
   2.5889899e-05
   2.2789646e-04
   1.9712444e-04
   2.4135333e-05
   1.5862059e-04
   6.0696828e-05
   1.5009270e-05
   8.9930737e-05
   8.2067060e-05
   1.2969545e-04
   3.3918843e-04
   4.1173983e-04
   7.9967042e-05
   6.8602472e-05
   1.8686027e-06
   9.1087637e-05
   6.5498431e-05
   1.4934450e-04
   4.4150732e-05
   3.7781156e-04
   3.6483832e-04
   2.1443434e-04
   1.3178425e-04
   1.7340234e-05
   6.1340651e-05
   1.6979120e-04
   1.3590318e-04
   1.3314950e-04
   1.4869745e-06
   1.1035696e-04
   3.2806866e-05
   4.7197746e-05
   4.2852176e-05
   2.1250228e-04
   1.6591206e-04
   2.7066508e-04
   2.8297050e-04
   1.7040270e-04
   3.8486995e-04
   1.4998631e-04
   8.8560244e-05
   8.8150553e-05
   3.9335879e-04
   3.0644976e-04
   4.2770090e-04
   3.0042464e-04
   2.0878884e-04
   1.7137625e-04
   2.7756830e-04
   2.3095341e-04
   7.7603075e-05
   6.4151404e-05
   2.3950538e-05
   4.2603169e-05
   3.7055681e-06
   5.3018007e-05
   1.0418456e-04
   4.3145134e-06
   1.6705865e-05
   1.7188397e-05
   1.1699085e-04
   1.1439787e-04
   7.1315266e-05
   2.8558977e-04
   2.1502659e-04
   8.7664932e-05
   2.5938568e-05
   1.5619758e-05
   1.1092706e-05
   4.0644253e-05
   5.5737437e-05
   8.8338252e-05
   2.5787570e-06
   4.7964817e-05
   8.8164530e-05
   1.9412720e-04
   8.0681810e-05
   1.0821269e-05
   7.1172156e-05
   5.8749553e-05
   1.2700012e-05
   8.7273542e-07
   5.4549298e-05
   1.8414889e-05
   6.2278443e-05
   3.3479737e-04
   3.5919077e-05
   3.7960496e-05
   2.4460994e-04
   9.0519942e-05
   1.4667321e-04
   9.7731521e-05
   4.7816800e-05
   5.4314476e-05
   1.2044873e-04
   1.1524610e-04
   1.2628014e-04
   4.7671363e-05
   1.4891671e-06
   1.1807981e-05
   4.8704705e-05
   4.1654663e-05
   7.4606652e-05
   7.1147859e-05
   3.4607125e-05
   6.0407651e-05
   6.9132743e-05
   5.8259756e-05
   3.6417598e-05
   5.5316263e-05
   8.8297631e-05
   1.3277340e-05
   4.6057131e-05
   2.3502233e-05
   5.0553412e-06
   2.4037546e-05
   3.5486970e-05
   2.1675626e-05
   2.4143192e-05
   1.3679032e-04
   1.2829090e-04
   1.1281403e-05
   1.0493031e-05
   8.4647951e-06
   5.3434580e-05
   7.9861911e-06
   3.7757722e-06
   2.6513926e-05
   5.2194640e-05
   1.3715453e-05
   9.1239591e-05
   7.1780487e-05
   1.9744788e-04
   1.0118556e-04
   9.6684811e-05
   2.6334145e-05
   1.3986453e-06
   8.2074870e-05
   1.0818664e-04
   1.6319564e-04
   4.2981358e-05
   3.5989677e-05
   7.7398299e-05
   1.7870940e-06
   1.8952785e-05
   5.9209051e-05
   1.5663835e-04
   1.6954853e-04
   5.3944979e-05
   1.0486876e-04
   2.7356010e-05
   6.8079788e-05
   2.3611940e-07
   7.0015207e-05
   5.2044086e-05
   1.2770987e-05
   8.7445715e-05
   2.3238131e-04
   1.5111820e-04
   9.4459093e-05
   6.5210463e-05
   1.8700892e-04
   9.5131605e-05
   3.4867176e-05
   4.6257732e-05
   2.5795454e-04
   1.0168101e-04
   1.2201319e-05
   4.9376390e-06
   9.2197729e-06
   2.0429264e-04
   1.3608872e-04
   4.6096501e-05
   5.1078337e-05
   2.3418548e-05
   4.0614495e-05
   1.1110997e-05
   9.5360394e-06
   1.4974355e-04
   2.7968662e-04
   3.9054118e-07
   4.4430391e-06
   1.5387695e-05
   7.6302145e-05
   2.7408621e-05
   3.7034239e-06
   1.8834582e-05
   3.5936913e-05
   2.0897076e-05
   2.1430028e-05
   3.9174270e-05
   1.1840148e-05
   1.8262722e-05
   4.2139805e-05
   2.8619258e-05
   3.1670951e-05
   2.0906120e-05
   6.8884112e-05
   5.7847840e-06
   1.0734104e-05
   9.7798928e-05
   2.1655844e-05
   2.5581200e-05
   4.0615969e-06
   9.4371336e-06
   3.9432726e-05
   7.7495415e-06
