   8.9465006e-03
   3.2816868e-02
   2.2483808e-02
   3.2541902e-02
   4.8696114e-02
   1.2423524e-02
   2.0528396e-02
   7.9504273e-02
   4.6565848e-02
   3.9998811e-03
   2.0274636e-02
   1.0778418e-01
   1.7068089e-01
   4.6929325e-02
   5.7985030e-03
   1.4456117e-02
   5.1307916e-02
   3.3223475e-02
   2.7055952e-02
   2.1593607e-02
   1.6265684e-02
   7.4008738e-03
   1.3167259e-02
   2.8885478e-02
   1.7729133e-02
   4.6497439e-03
   6.3094689e-04
   4.7166663e-03
   1.1366616e-02
   1.5460493e-02
   1.3916226e-02
   2.9379182e-03
   5.7531934e-04
   3.1360645e-03
   1.0195702e-02
   9.2739154e-03
   4.7774804e-03
   8.0333834e-04
   3.8915320e-04
   7.4210122e-05
   1.5426561e-04
   1.5154292e-03
   2.5593330e-03
   2.0861843e-03
   1.5722641e-03
   3.5499857e-04
   5.6788564e-04
   1.4280990e-03
   1.4914819e-03
   6.1421586e-04
   2.3122934e-04
   4.2452142e-04
   2.6794427e-04
   8.1851496e-06
   3.3928980e-04
   5.7141370e-04
   3.2807616e-04
   1.5630098e-04
   2.3312826e-04
   1.4364891e-04
   6.1128704e-05
   1.9946920e-04
   1.2236703e-04
   3.1815872e-04
   3.4712468e-04
   7.2551239e-05
   1.7272731e-04
   1.6333548e-04
   1.7464930e-04
   2.3147931e-05
   2.4332383e-04
   2.0202980e-04
   1.7873160e-04
   2.8131480e-04
   1.1627825e-04
   2.3858391e-05
   4.4839083e-06
   1.3183450e-05
   3.1785389e-05
   3.0721477e-05
   4.1827781e-05
   2.1914952e-06
   1.7606718e-05
   1.7850956e-05
   6.5294419e-06
   1.0290250e-05
   3.6530488e-05
   6.4064504e-05
   3.0126013e-05
   5.2315469e-05
   9.3394321e-06
   3.4165406e-06
   1.7599416e-05
   4.1078768e-05
   1.2723873e-04
   1.6293058e-05
   4.7053669e-05
   1.9318404e-05
   7.0065821e-06
   7.0759485e-06
   7.0311555e-07
   3.1018117e-05
   2.5031496e-05
   1.1847188e-06
   8.7848628e-07
   1.1997291e-05
   3.0016414e-05
   1.0690868e-05
   2.8358680e-05
   5.9751857e-05
   8.6094551e-05
   4.0285396e-05
   1.6029185e-05
   1.0784923e-05
   1.8035597e-05
   5.6021127e-05
   2.0645451e-05
   1.3387897e-05
   1.3701660e-05
   5.8741589e-06
   3.2885222e-05
   6.3849918e-05
   1.2032917e-04
   4.7323992e-05
   4.1287261e-06
   2.3895936e-05
   1.0726534e-04
   9.2080648e-05
   2.2530111e-05
   3.0255085e-06
   3.2059426e-05
   2.1800629e-05
   7.7690426e-06
   9.3571807e-07
   2.6839040e-05
   6.4241767e-05
   2.2196862e-05
   1.8560710e-05
   3.4227960e-05
   3.7173907e-05
   1.1782504e-04
   6.1835310e-05
   9.9379489e-06
   2.8966219e-05
   3.8141739e-05
   7.0037119e-06
   5.3759325e-06
   2.9260708e-05
   5.8198428e-05
   4.4701838e-06
   1.4447563e-05
   4.9774140e-06
   3.9653106e-06
   2.0465603e-05
   3.8310876e-05
   5.9730784e-05
   5.4817931e-05
   4.9752853e-05
   2.5071588e-05
   7.8255357e-06
   1.4350170e-06
   7.3794340e-06
   1.9108735e-07
   1.2022971e-05
   4.8782436e-06
   1.4108099e-05
   9.7909274e-07
   2.8270584e-05
   4.7922581e-05
   1.0956105e-05
   1.4184675e-05
   3.5080094e-05
   3.1951947e-05
   1.4658180e-05
   1.5437963e-05
   1.0541385e-05
   3.9521966e-06
   1.6785925e-06
   1.6596530e-06
   2.4305028e-06
   8.9280834e-06
   1.9175867e-05
   7.7433338e-06
   1.5098349e-05
   8.3191446e-06
   7.2942116e-06
   4.4523916e-05
   1.2498998e-05
   4.7000675e-05
   6.8193304e-05
   1.5490129e-05
   7.6123934e-06
   3.1974221e-06
   1.2773899e-05
   1.0356103e-05
   6.1657222e-06
   6.3763435e-06
   8.6292025e-06
   1.5222988e-05
   3.9665133e-06
   1.5255126e-05
   1.2970318e-05
   5.1342219e-06
   1.8317226e-05
   3.6364603e-05
   1.4206812e-05
   1.3668344e-05
   7.1190361e-06
   4.7543166e-06
   2.5979198e-06
   2.0657368e-05
   2.4151963e-05
   3.8468246e-06
   5.2238202e-06
   9.9181532e-06
   4.8128577e-06
   1.6197864e-06
   3.5873358e-05
   5.2794760e-05
   2.9661789e-05
   3.0163224e-05
   2.7497846e-06
   6.8077396e-06
   1.8415236e-06
   3.1412163e-06
   1.6700519e-05
   6.4007167e-06
   7.8057854e-06
   1.7228775e-06
   3.5530085e-06
   1.8115190e-06
   4.0780543e-06
   4.0326712e-06
   1.2437011e-05
   1.7864190e-05
   2.3116168e-05
   1.4260913e-05
   2.3642496e-05
   1.1588347e-05
   8.3078624e-07
   4.2400331e-07
   1.6507295e-05
   1.2825743e-05
   1.9795036e-06
   1.6786183e-06
   1.2426742e-05
   2.7032277e-05
   3.6551494e-05
   2.4542541e-05
   3.0244906e-06
   1.4532613e-05
   2.7776489e-05
   1.8480651e-05
   4.0692423e-06
   5.9910688e-07
   9.4060758e-06
   9.3308886e-06
   6.2763564e-06
   2.7638453e-05
   1.4026649e-05
   2.7787240e-05
   6.1758239e-06
   4.7987236e-06
   2.3930714e-06
   9.8915154e-07
   7.2510395e-06
   6.7546638e-06
   5.5750587e-06
   1.8654879e-06
   7.8463804e-06
   2.5142978e-06
   1.2638653e-05
   2.6078240e-05
   6.8887807e-06
   1.3239770e-06
   6.9260181e-06
   1.8979213e-05
   2.4067208e-05
   1.8391849e-05
   4.7946319e-06
   2.0802222e-06
   1.2885570e-06
   1.2832532e-06
   8.1111895e-06
   1.6278957e-06
   2.1626337e-05
   3.4226989e-06
   6.6417533e-07
   1.4885740e-05
   1.2778599e-05
   5.5303395e-06
   2.5891434e-06
   7.2804903e-06
   5.2434901e-06
   2.2382953e-05
   1.2773287e-05
   1.6981344e-06
   1.0905890e-05
   1.8866587e-06
   4.9158800e-06
   2.1467601e-06
