   0.0000000e+00
   3.3398170e-03
   6.6796341e-03
   1.0019451e-02
   1.3359268e-02
   1.6699085e-02
   2.0038902e-02
   2.3378719e-02
   2.6718536e-02
   3.0058353e-02
   3.3398170e-02
   3.6737987e-02
   4.0077804e-02
   4.3417621e-02
   4.6757438e-02
   5.0097255e-02
   5.3437073e-02
   5.6776890e-02
   6.0116707e-02
   6.3456524e-02
   6.6796341e-02
   7.0136158e-02
   7.3475975e-02
   7.6815792e-02
   8.0155609e-02
   8.3495426e-02
   8.6835243e-02
   9.0175060e-02
   9.3514877e-02
   9.6854694e-02
   1.0019451e-01
   1.0353433e-01
   1.0687415e-01
   1.1021396e-01
   1.1355378e-01
   1.1689360e-01
   1.2023341e-01
   1.2357323e-01
   1.2691305e-01
   1.3025286e-01
   1.3359268e-01
   1.3693250e-01
   1.4027232e-01
   1.4361213e-01
   1.4695195e-01
   1.5029177e-01
   1.5363158e-01
   1.5697140e-01
   1.6031122e-01
   1.6365103e-01
   1.6699085e-01
   1.7033067e-01
   1.7367049e-01
   1.7701030e-01
   1.8035012e-01
   1.8368994e-01
   1.8702975e-01
   1.9036957e-01
   1.9370939e-01
   1.9704920e-01
   2.0038902e-01
   2.0372884e-01
   2.0706866e-01
   2.1040847e-01
   2.1374829e-01
   2.1708811e-01
   2.2042792e-01
   2.2376774e-01
   2.2710756e-01
   2.3044738e-01
   2.3378719e-01
   2.3712701e-01
   2.4046683e-01
   2.4380664e-01
   2.4714646e-01
   2.5048628e-01
   2.5382609e-01
   2.5716591e-01
   2.6050573e-01
   2.6384555e-01
   2.6718536e-01
   2.7052518e-01
   2.7386500e-01
   2.7720481e-01
   2.8054463e-01
   2.8388445e-01
   2.8722426e-01
   2.9056408e-01
   2.9390390e-01
   2.9724372e-01
   3.0058353e-01
   3.0392335e-01
   3.0726317e-01
   3.1060298e-01
   3.1394280e-01
   3.1728262e-01
   3.2062244e-01
   3.2396225e-01
   3.2730207e-01
   3.3064189e-01
   3.3398170e-01
   3.3732152e-01
   3.4066134e-01
   3.4400115e-01
   3.4734097e-01
   3.5068079e-01
   3.5402061e-01
   3.5736042e-01
   3.6070024e-01
   3.6404006e-01
   3.6737987e-01
   3.7071969e-01
   3.7405951e-01
   3.7739932e-01
   3.8073914e-01
   3.8407896e-01
   3.8741878e-01
   3.9075859e-01
   3.9409841e-01
   3.9743823e-01
   4.0077804e-01
   4.0411786e-01
   4.0745768e-01
   4.1079749e-01
   4.1413731e-01
   4.1747713e-01
   4.2081695e-01
   4.2415676e-01
   4.2749658e-01
   4.3083640e-01
   4.3417621e-01
   4.3751603e-01
   4.4085585e-01
   4.4419567e-01
   4.4753548e-01
   4.5087530e-01
   4.5421512e-01
   4.5755493e-01
   4.6089475e-01
   4.6423457e-01
   4.6757438e-01
   4.7091420e-01
   4.7425402e-01
   4.7759384e-01
   4.8093365e-01
   4.8427347e-01
   4.8761329e-01
   4.9095310e-01
   4.9429292e-01
   4.9763274e-01
   5.0097255e-01
   5.0431237e-01
   5.0765219e-01
   5.1099201e-01
   5.1433182e-01
   5.1767164e-01
   5.2101146e-01
   5.2435127e-01
   5.2769109e-01
   5.3103091e-01
   5.3437073e-01
   5.3771054e-01
   5.4105036e-01
   5.4439018e-01
   5.4772999e-01
   5.5106981e-01
   5.5440963e-01
   5.5774944e-01
   5.6108926e-01
   5.6442908e-01
   5.6776890e-01
   5.7110871e-01
   5.7444853e-01
   5.7778835e-01
   5.8112816e-01
   5.8446798e-01
   5.8780780e-01
   5.9114761e-01
   5.9448743e-01
   5.9782725e-01
   6.0116707e-01
   6.0450688e-01
   6.0784670e-01
   6.1118652e-01
   6.1452633e-01
   6.1786615e-01
   6.2120597e-01
   6.2454578e-01
   6.2788560e-01
   6.3122542e-01
   6.3456524e-01
   6.3790505e-01
   6.4124487e-01
   6.4458469e-01
   6.4792450e-01
   6.5126432e-01
   6.5460414e-01
   6.5794396e-01
   6.6128377e-01
   6.6462359e-01
   6.6796341e-01
   6.7130322e-01
   6.7464304e-01
   6.7798286e-01
   6.8132267e-01
   6.8466249e-01
   6.8800231e-01
   6.9134213e-01
   6.9468194e-01
   6.9802176e-01
   7.0136158e-01
   7.0470139e-01
   7.0804121e-01
   7.1138103e-01
   7.1472084e-01
   7.1806066e-01
   7.2140048e-01
   7.2474030e-01
   7.2808011e-01
   7.3141993e-01
   7.3475975e-01
   7.3809956e-01
   7.4143938e-01
   7.4477920e-01
   7.4811902e-01
   7.5145883e-01
   7.5479865e-01
   7.5813847e-01
   7.6147828e-01
   7.6481810e-01
   7.6815792e-01
   7.7149773e-01
   7.7483755e-01
   7.7817737e-01
   7.8151719e-01
   7.8485700e-01
   7.8819682e-01
   7.9153664e-01
   7.9487645e-01
   7.9821627e-01
   8.0155609e-01
   8.0489590e-01
   8.0823572e-01
   8.1157554e-01
   8.1491536e-01
   8.1825517e-01
   8.2159499e-01
   8.2493481e-01
   8.2827462e-01
   8.3161444e-01
   8.3495426e-01
   8.3829407e-01
   8.4163389e-01
   8.4497371e-01
   8.4831353e-01
   8.5165334e-01
   8.5499316e-01
   8.5833298e-01
   8.6167279e-01
   8.6501261e-01
   8.6835243e-01
   8.7169225e-01
   8.7503206e-01
   8.7837188e-01
   8.8171170e-01
   8.8505151e-01
   8.8839133e-01
   8.9173115e-01
   8.9507096e-01
   8.9841078e-01
   9.0175060e-01
   9.0509042e-01
   9.0843023e-01
   9.1177005e-01
   9.1510987e-01
   9.1844968e-01
   9.2178950e-01
   9.2512932e-01
   9.2846913e-01
   9.3180895e-01
   9.3514877e-01
   9.3848859e-01
   9.4182840e-01
   9.4516822e-01
   9.4850804e-01
   9.5184785e-01
   9.5518767e-01
   9.5852749e-01
   9.6186731e-01
   9.6520712e-01
   9.6854694e-01
   9.7188676e-01
   9.7522657e-01
   9.7856639e-01
   9.8190621e-01
   9.8524602e-01
   9.8858584e-01
   9.9192566e-01
   9.9526548e-01
   9.9860529e-01
   1.0019451e+00
