   5.7907397e-03
   2.4476837e-01
   3.6740984e-01
   7.4701717e-02
   1.6862737e-02
   2.7288733e-02
   1.9043483e-02
   6.9423982e-02
   8.9132920e-03
   2.5936344e-02
   4.4732756e-02
   7.7967224e-03
   6.0482631e-03
   3.6472321e-03
   1.4152026e-05
   8.6577856e-05
   9.2079537e-03
   1.0315774e-02
   9.1954925e-05
   6.3310069e-03
   2.4980322e-03
   4.1506322e-04
   3.4129416e-03
   7.9995439e-03
   2.8672956e-03
   9.3631823e-04
   1.3019055e-03
   2.4994554e-04
   3.0255987e-04
   1.0786394e-03
   1.6063622e-03
   2.0142928e-03
   2.3739608e-03
   8.2580457e-04
   8.2284758e-04
   1.2888983e-04
   1.0869327e-03
   8.5941455e-05
   1.3730524e-03
   4.6122792e-04
   9.9981170e-04
   2.5185001e-04
   5.3292563e-04
   1.7091128e-04
   1.5034590e-04
   6.5592467e-04
   1.3640490e-04
   5.0041137e-05
   1.4772716e-04
   7.3144760e-04
   1.5353832e-04
   1.9047298e-04
   1.1376505e-04
   1.0320749e-05
   1.5080202e-04
   6.7076205e-04
   9.9998989e-04
   3.9504110e-04
   6.0124682e-04
   1.0954706e-03
   3.2551854e-04
   2.1316118e-04
   2.2739958e-04
   4.0024857e-04
   1.7346485e-04
   3.6544620e-04
   3.7079552e-04
   8.6015839e-05
   5.6301640e-04
   7.0560862e-05
   1.4007799e-04
   1.0522865e-04
   1.9860959e-05
   9.7690075e-05
   3.1017438e-05
   7.2994379e-05
   7.0700453e-05
   6.8933369e-05
   1.2570097e-04
   8.3857555e-06
   2.9723175e-05
   7.2003908e-05
   2.7354677e-04
   2.7925420e-05
   8.9014685e-05
   1.0488974e-04
   3.1659186e-04
   2.6813002e-05
   8.9549022e-05
   3.7966183e-05
   2.8552165e-05
   2.7154497e-05
   1.1836074e-04
   2.7904914e-04
   4.7604067e-05
   1.2085801e-04
   8.6019249e-05
   2.7942929e-05
   1.7724791e-04
   2.2690227e-04
   1.7585580e-05
   1.9839142e-05
   2.1700212e-05
   5.0927375e-06
   9.2832617e-06
   7.8696189e-06
   1.3772215e-06
   2.4214169e-07
   2.2072542e-05
   3.0128393e-05
   8.0182604e-06
   4.6711763e-05
   1.0821256e-04
   7.8059060e-05
   3.0905747e-05
   2.0638936e-06
   9.2137849e-06
   3.0140148e-05
   1.9860120e-05
   2.2322871e-05
   4.3366469e-05
   1.5196267e-05
   1.9507248e-06
   6.9796678e-07
   1.6289169e-05
   6.3311264e-08
   1.0332722e-04
   1.1054815e-04
   1.2743450e-05
   2.5784344e-05
   9.8317291e-06
   1.0642392e-05
   7.1417416e-06
   9.9889542e-05
   3.8212714e-05
   7.3155734e-06
   7.7906925e-06
   4.2803956e-06
   1.8531288e-06
   1.0120966e-05
   4.8043995e-07
   1.2549459e-05
   1.2661733e-05
   5.9060976e-06
   7.7722304e-06
   5.9981704e-06
   2.9195315e-05
   4.3100921e-05
   2.2311475e-05
   1.5322729e-05
   1.3047953e-05
   2.5142669e-06
   1.3650437e-05
   1.3424865e-05
   1.8469072e-05
   2.3076339e-05
   4.5231499e-05
   1.6827616e-05
   1.1395994e-05
   9.7088374e-06
   1.6211409e-05
   2.0500586e-06
   6.0561885e-06
   1.0648293e-05
   2.7404533e-05
   9.4339416e-06
   2.8690993e-05
   2.9081538e-06
   1.9615205e-05
   4.2631003e-05
   4.8288077e-05
   4.3755986e-05
   1.2695097e-05
   2.8808506e-05
   1.8667412e-05
   1.6475515e-05
   1.5851783e-05
   1.4651702e-05
   1.7611644e-07
   1.6305869e-05
   5.1018738e-05
   6.2540408e-05
   3.0248318e-05
   2.2657981e-07
   5.7679168e-06
   9.4429707e-06
   2.8793918e-05
   8.7068642e-06
   5.1504743e-05
   1.6235853e-05
   1.0480422e-05
   1.8010148e-05
   4.6304004e-06
   2.8668198e-05
   2.0834277e-05
   4.8941074e-05
   8.2184994e-06
   2.8855757e-06
   9.7388841e-06
   6.1696087e-06
   1.4266913e-05
   3.3188121e-05
   1.7636376e-05
   2.1277044e-05
   3.0167850e-05
   3.4373550e-06
   3.1032546e-05
   1.3811965e-05
   1.8733068e-05
   9.2368788e-06
   5.7296946e-06
   5.2093405e-05
   2.6165544e-05
   3.4082307e-06
   1.8373151e-05
   9.3051762e-06
   5.7258085e-06
   7.2537214e-06
   2.0443629e-05
   2.0247438e-05
   3.7165597e-05
   6.0444898e-06
   2.9476616e-05
   4.5034792e-05
   5.1550349e-06
   2.8864879e-05
   1.4032560e-05
   1.5081464e-05
   1.1928959e-05
   1.5076349e-06
   3.1152359e-06
   9.2319196e-07
   3.6467335e-05
   4.3522315e-05
   1.0533241e-05
   4.1625584e-06
   1.0648464e-05
   2.4202363e-06
   1.3320698e-05
   1.4567510e-05
   3.0453303e-06
   1.9678737e-06
   4.4370344e-06
   4.5257734e-06
   4.0168508e-06
   5.2289098e-07
   1.7025786e-06
   2.1856974e-05
   3.1601371e-05
   2.8464016e-05
   5.9477693e-06
   2.6316796e-06
   2.1483959e-06
   2.8307646e-06
   3.5940630e-06
   1.2124651e-05
   1.4707339e-05
   1.2623376e-05
   5.0377968e-06
   2.7068339e-06
   6.3037042e-07
   2.8604243e-06
   1.2198015e-05
   1.6880138e-05
   7.1194767e-06
   1.7715469e-05
   2.9323221e-06
   1.0839194e-05
   1.7861323e-05
   2.0190254e-06
   1.0247797e-05
   1.7267903e-06
   9.9075942e-06
   2.6623290e-05
   7.8410243e-06
   1.5163062e-05
   8.7376912e-06
   9.1166520e-06
   5.7903779e-06
   1.1034491e-05
   3.8779364e-07
   5.5364903e-06
   2.8586774e-06
   2.3571059e-06
   1.3815460e-05
   1.2096220e-05
   3.7001171e-06
   3.4479544e-06
   1.4374319e-05
   2.0266929e-05
   6.4610055e-06
   8.2868228e-06
   1.4050019e-05
   1.3586081e-05
   8.7582575e-06
   1.6940014e-06
   1.0669028e-06
   3.2032273e-06
   6.1423998e-06
   1.0781924e-05
   3.0078576e-06
