375
373
374
376
374
375
376
375
378
379
375
376
377
375
377
377
378
377
375
377
375
377
408
345
376
375
378
374
378
379
379
377
379
389
365
378
375
378
379
380
380
378
381
375
378
380
377
376
378
379
380
387
365
376
377
375
376
373
376
374
373
376
379
376
376
380
380
379
379
381
381
381
381
383
383
382
381
383
383
387
386
387
409
409
399
393
397
392
395
392
393
393
394
403
379
395
390
393
388
391
384
388
387
384
386
386
385
384
387
386
390
396
394
398
396
404
403
401
402
392
409
401
400
397
399
400
395
392
394
390
391
388
388
389
389
386
389
389
402
398
428
468
480
486
486
458
453
466
396
416
412
409
416
409
404
410
416
414
407
405
402
404
405
405
417
412
419
420
428
423
422
423
418
412
414
429
435
430
438
432
425
432
433
410
418
416
413
411
413
410
407
410
410
404
405
407
408
411
408
404
408
406
402
402
427
376
398
401
398
398
402
398
403
394
399
398
395
397
401
396
397
396
398
396
398
396
393
396
393
398
394
398
400
402
400
397
397
397
396
396
395
394
395
396
393
396
395
396
396
395
398
401
398
396
399
396
399
397
398
396
420
370
392
394
391
392
391
395
400
397
396
402
399
399
401
403
405
401
402
402
402
402
399
400
400
396
403
394
399
385
414
399
395
401
408
390
402
403
402
416
398
406
403
408
413
392
408
406
410
413
408
413
411
412
410
411
408
409
407
401
410
402
402
406
407
404
402
404
409
409
408
438
378
402
400
405
398
405
400
394
399
398
395
398
387
395
392
392
393
388
452
330
389
392
390
394
390
421
364
393
398
394
392
394
415
371
394
397
393
391
395
392
393
397
390
391
394

