353
356
352
352
388
316
349
353
349
351
349
351
349
353
347
363
333
348
345
345
345
347
341
344
357
332
345
345
343
351
344
344
352
350
347
350
352
352
349
354
359
362
362
365
353
355
358
354
354
354
351
352
349
347
360
331
346
343
344
338
345
340
338
340
342
335
337
334
336
335
333
330
336
331
333
334
343
356
396
361
383
375
365
363
357
356
355
350
349
347
348
340
342
341
338
337
348
324
345
320
331
334
330
331
333
328
328
332
330
327
328
330
326
327
327
324
327
328
326
325
326
339
316
338
317
327
327
328
327
330
327
326
331
328
330
330
329
334
334
334
333
337
334
338
335
337
355
328
338
341
339
340
342
344
341
342
342
341
341
339
344
338
340
334
343
339
336
338
340
336
341
342
340
338
340
342
341
340
339
349
327
333
341
333
338
340
337
338
336
339
343
339
341
335
338
337
340
338
338
338
337
341
342
342
339
341
342
341
338
344
338
344
340
343
344
341
345
343
343
344
346
348
341
346
346
351
352
366
339
359
357
355
352
354
353
355
361
339
354
355
347
351
349
350
349
347
350
346
344
347
345
344
345
346
343
348
346
349
348
350
350
352
351
354
352
350
353
365
336
352
349
350
353
349
353
350
362
336
350
352
349
352
349
350
351
365
338
353
357
356
353
353
356
352
344
366
351
351
353
351
354
361
341
354
350
355
356
349
351
355
355
352
356
353
353
354
356
358
356
338
376
358
355
363
358
365
361
361
363
363
365
375
349
367
362
362
365
362
362
362
363
362
363
359
368
379
378
373
382
376
373
378
372
376
370
376
370
370
371
368
384
349
374
371
367
365
367
364
371
366
368
370
383
355
369
372
371
375
351
370
375
377
377
371
378
384
372
383
370
379
374
378
378
378
382
381
382
382
380
382
381
380
378
379
382
381
380
376
377
379
390
361
374
376
372
373
373
373
366
372
372
366
372
367
370
373
366
369
374
371
368
375
368
373
373
373
368
384
360
369
372
370
386
350
367
370
368
368
368
368
367
365
362
366
365
364
366
363
365
363
365
364
364
366
366
363
382
352
366
364
364
367
369
363
368
364
367
367
367
363
367
367
366
367
361
366
361
368
365
364
364
364
364
366
363
365
367
361
366
364
365
362
362
366
367
366
367
367
369
368
367
368
359
378
368
372
372
371
367
373
373
373
371
373
374
375
374
371
373
372
375
370
371
370
368
366
371
382
358
372
370
374
374
373
371
373
376
377
375
387
362
369
375
373
386
359
373
371
373
369
376
373
371
373
371
372
390
355
372
377
374
382
362
377
372
374
372
377
374
375
373
378
373
376
378
378
376
378
381
380
381
380
383
383
379
383
380
380
379
379
377
380
375
377
379
377
378
379
376
380
376
377
380
376
381
376
382
376
377
383
380
379
377
379
383
383
374
387
376
380
381
379
383
384
378
381
380
381
382
386
379
382
384
383
383
386
382
383
384
382
386
383
376
385
382
377
386
373
381
384
376
379
379
379
376
381
379
384
378
384
382
389
386
385
387
386
388
385
387
388
394
383
393
385
389
387
388
386
387
390
388
389
389
387
387
391
383
387
387
387
387
383
384
389
382
401
369
384
389
382
386
388
387
384
388
389
392
386
400
377
392
393
388
401
387
390
398
390
392
395
393
396
397
392
395
390
397
392
391
391
391
391
388
390
389
389
387
389
386
389
392
384
389
390
386
388
386
388
396
375
383
387
386
401
374
385
392
389
386
391
384
400
374
386
389
386
386
385
381
388
381
384
385
382
381
384
383
384
384
378
384
382
382
385
381
383
381
381
382
383
381
386
381
382
382
388
383
373
406
387
386
388
385
389
384
392
387
385
385
388
384
384
388
385
384
383
385
385
385
386
379
391
384
387
389
390
399
379
387
388
394
386
393
383
389
388
385
387
385
388
385
386
383
383
386
389
378
384
388
378
389
385
385
389
380
398
375
384
382
387
396
369
386
385
380
389
384
380
386
381
385
386
383
383
386
394
370
387
384
382
385
381
389
380
384
385
388
382
380
388
386
386
389
378
385
391
380
388
383
385
387
383
380
385
382
383
381
384
384
383
382
383
384
383
383
385
380
386
383
378
385
383
383
378
382
385
376
385
381
386
381
397
375
379
389
385
399
371
384
388
382
399
373
380
386
388
393
386
390
392
389
386
395
391
401
392
396
396
395
390
392
389
393
386
388
400
374
390
382
384
385
382
388
380
387
386
385
381
401
372
386
383
384
389
388
389
399
371
389
387
388
389
385
394
399
380
392
395
391
392
397
392
395
393
391
390
394
388
394
393
392
391
390
390
394
395
374
388
383
387
394
375
382
384
379
371
393
383
380
379
380
388
379
382
376
384
382
381
377
380
380
385
378
381
382
382
380
383
378
385
385
377
384
379
382
379
383
383
394
368
381
384
