391
390
391
388
389
391
386
392
389
390
385
393
392
391
391
391
395
391
393
393
390
391
441
341
390
389
395
389
392
411
407
406
405
422
437
434
427
417
428
401
409
446
371
408
420
391
404
404
406
400
401
406
400
404
405
407
409
402
408
408
414
417
413
417
407
393
438
414
412
404
408
405
409
450
399
420
425
420
416
411
409
410
409
402
404
402
400
396
393
400
395
395
388
392
393
394
288
499
392
398
394
406
380
395
397
395
410
380
390
399
396
390
395
387
392
391
388
389
388
394
385
388
383
391
434
336
386
385
388
387
392
389
391
387
393
392
388
394
393
403
409
412
411
411
417
424
416
419
417
416
409
406
408
403
409
408
442
376
410
416
419
420
420
417
415
417
414
414
407
410
448
358
404
399
397
397
398
394
397
397
396
399
399
396
399
396
412
382
394
395
393
388
397
393
386
393
388
395
390
375
408
391
390
390
393
392
391
389
390
389
389
389
392
385
385
393
388
387
389
384
374
396
387
387
388
398
396
396
400
406
400
417
388
409
401
417
409
401
410
405
408
412
408
407
401
405
402
398
404
402
402
393
398
401
394
394
444
394
353
392
402
395
397
397
394
388
406
398
415
387
416
437
368
408
406
411
409
412
412
408
415
456
355
405
404
408
406
401
409
395
404
400
396
400
397
396
395
394
394
394
390
399
371
422
394
395
399
370
421
398
393
395
396
400
392
397
398
394
393
393
395
416
379
397
395
393
393
390
400
387
393
398
389
390
392
386
390
390
389
389
340
433
392
385
391
365
411
389
388
392
393
387
394
394
398
387
397
393
388
399
389
373
425
393
398
397
398
401
392
400
394
387
398
393
398
397
400
404
401
402
404
411
403
406
405
414
389
396
406
392
398
398
397
397
401
399
472
330
395
404
402
397
402
402
403
398
401
407
400
372
423
397
401
395
399
395
398
399
390
395
396
393
406
377
395
384
393
390
385
392
401
391
389
398
391
398
395
402
401
403
451
349
405
409
402
401
403
398
401
402
400
400
400
394
401
397
395
395
380
415
390
391
394
397
396
399
394
397
395
397
397
395
398
371
419
397
406
400
440
368
403
398
414
426
392
409
408
404
401
405
414
420
399
408
408
406
406
403
402
391
412
399
403
410
405
407
402
402
407
402
406
401
405
400
403
400
401
431
368
398
401
402
405
391
399
400
400
395
395
394
401
402
398
398
397
396
397
396
395
393
409
377
391
399
397
392
399
398
398
394
394
395
395
397
396
392
396
387
392
393
392
389
389
388
390
388
388
391
386
391
389
389
394
416
422
430
427
417
416
410
407
405
421
389
404
402
396
398
394
395
391
392
386
390
385
386
386
385
387
386
384
387
385
387
388
389
390
387
391
388
391
386
390
392
381
388
389
385
384
382
388
385
385
382
382
384
383
381
385
384
383
384
386
389
385
386
388
387
387
418
359
389
385
390
385
391
389
387
385
390
389
388
395
387
391
400
383
394
391
392
369
411
392
391
387
392
387
393
387
388
388
392
384
391
382
392
399
397
408
410
404
407
418
413
415
406
405
405
403
402
397
398
399
394
312
472
390
389
393
379
396
386
384
389
384
386
383
382
386
384
385
396
379
390
398
376
386
391
388
355
421
386
384
387
394
374
384
383
381
381
382
382
383
380
381
379
382
382
384
380
386
386
390
388
400
376
389
394
394
424
365
396
396
397
397
395
397
435
360
392
403
390
394
394
391
391
392
393
399
395
410
392
398
399
400
403
402
395
400
402
400
400
398
402
392
391
396
400
396
390
397
391
392
391
395
393
393
392
391
392
393
388
393
388
390
393
388
387
386
441
333
387
385
386
387
381
388
387
386
373
407
393
393
397
395
393
396
397
397
395
395
398
390
402
392
398
392
392
398
393
397
396
391
397
394
395
391
392
397
389
392
469
316
391
390
395
390
391
393
390
392
390
443
337
392
390
396
393
397
396
402
381
390
395
394
395
390
388
384
403
388
391
389
389
389
389
388
389
392
417
359
391
390
394
392
396
396
396
392
398
393
394
395
395
393
390
395
394
389
392
394
386
392
394
401
378
391
392
389
390
390
388
389
389
393
390
386
392
419
363
391
433
358
392
394
394
396
389
395
374
407
390
409
375
394
388
388
388
391
392
395
395
399
397
395
406
398
400
402
398
406
400
395
400
400
426
362
401
395
393
394
398
393
391
391
395
392
391
390
394
394
418
362
391
393
390
392
387
393
390
390
392
384
394
395
393
401
406
405
405
405
403
406
406
407
406
406
432
371
403
402
400
400
400
400
403
394
400
403
398
401
415
383
406
400
400
398
402
398
402
401
395
399
399
392
411
382
394
395
390
397
397
388
395
384
393
416
362
389
389
387
389
390
386
387
388
386