406
405
413
408
400
407
403
408
406
406
409
403
402
403
403
403
406
419
409
403
407
407
404
404
411
422
415
412
427
420
427
427
435
417
425
436
427
361
506
428
437
434
421
425
425
414
423
425
421
414
417
407
435
409
409
409
409
405
406
416
406
416
404
411
415
415
416
424
419
424
426
418
416
416
413
416
416
417
417
410
408
407
409
410
404
404
413
407
405
406
411
405
405
410
406
407
403
402
401
400
399
387
421
407
402
402
438
389
411
409
408
409
403
405
401
414
404
401
408
408
404
403
410
408
439
381
402
409
402
402
413
420
437
435
427
457
387
426
417
416
417
416
406
457
362
406
400
411
408
407
404
449
379
408
409
407
400
400
399
425
370
401
397
401
397
397
402
396
395
395
393
393
448
346
394
395
394
429
361
396
392
391
394
392
392
397
398
395
397
397
398
400
403
423
391
400
418
381
407
403
399
402
407
403
403
397
408
400
404
406
437
369
406
403
412
411
405
407
416
408
408
408
408
407
409
407
401
402
409
401
411
404
400
402
408
412
406
407
416
406
411
411
404
402
408
406
403
402
403
400
426
373
399
400
393
398
395
396
392
393
394
395
393
391
401
411
403
407
405
412
410
407
405
406
401
403
408
393
424
383
404
418
413
415
422
416
420
417
414
415
416
404
412
407
409
404
401
403
399
399
402
397
393
403
395
399
395
399
406
401
406
401
406
401
409
403
403
442
367
414
402
403
403
402
399
400
401
398
395
416
404
393
422
408
422
390
402
403
412
407
408
415
415
411
412
409
408
408
401
402
403
396
398
390
406
379
409
369
391
390
386
384
385
386
385
382
380
384
375
375
373
374
372
372
371
386
377
383
382
378
410
367
389
384
398
393
403
405
395
400
406
459
369
414
441
410
418
434
416
417
412
417
405
419
403
405
405
397
403
394
396
398
402
397
401
397
381
414
393
395
394
394
393
402
400
405
402
398
407
417
411
409
403
396
405
402
396
403
393
407
402
416
406
412
408
401
402
401
398
405
398
411
399
407
413
401
405
406
408
404
409
415
406
413
416
423
414
407
418
410
410
413
406
423
423
410
420
408
414
407
409
407
405
403
403
408
404
405
411
406
428
423
411
414
429
415
418
408
408
386
420
396
421
380
393
398
409
399
404
413
406
404
413
408
417
409
403
482
334
401
404
402
400
405
398
403
400
401
397
406
397
396
396
399
402
396
397
399
396
393
398
388
373
387
412
461
317
389
393
388
392
386
390
421
360
391
390
387
399
392
411
409
406
401
404
401
403
402
401
404
390
416
406
438
372
408
432
388
405
407
421
414
398
430
417
409
417
417
413
409
408
414
405
418
427
401
406
409
411
406
407
405
406
404
401
405
400
400
439
352
395
390
397
388
394
392
404
410
400
426
425
414
418
421
409
421
412
425
413
417
412
414
412
410
412
404
408
402
405
430
372
405
404
404
402
402
411
408
409
416
392
433
408
413
407
406
420
407
412
412
412
408
406
408
433
390
408
426
413
408
445
400
424
413
409
423
411
411
415
405
417
415
414
412
409
407
406
405
405
404
402
400
409
406
401
417
411
415
412
410
408
403
404
403
400
401
398
397
397
393
402
398
397
409
390
399
398
399
395
402
398
401
398
406
402
399
403
399
398
396
399
397
402
395
401
401
402
411
406
406
430
421
417
414
412
414
410
409
407
405
408
403
405
405
400
400
397
399
399
397
398
394
395
398
396
397
413
406
407
423
423
428
449
433
451
452
450
437
438
485
377
432
414
451
423
429
447
428
432
422
424
420
419
430
444
435
442
430
431
429
421
427
417
416
419
466
361
413
409
407
404
396
402
392
390
393
385
390
382
383
382
383
378
381
388
373
384
386
383
388
386
385
387
386
385
389
382
405
369
386
388
385
386
388
382
391
388
384
388
384
387
389
386
417
365
387
391
387
361
415
392
388
387
386
386
386
395
376
390
390
387
394
385
396
383
388
383
382
