384
385
386
386
385
400
375
388
390
389
400
379
392
391
391
389
390
382
386
386
381
383
383
380
380
379
382
378
377
383
382
387
386
384
390
381
385
383
382
382
388
382
384
383
382
383
386
373
382
384
386
380
384
383
380
381
380
378
381
376
378
379
378
383
377
382
380
381
385
382
381
381
379
383
394
366
379
378
379
378
377
381
376
393
367
379
382
378
380
376
380
382
380
377
380
377
379
380
374
378
380
381
385
384
380
384
378
379
377
388
368
377
376
376
376
375
376
374
375
374
374
374
373
375
374
373
371
371
374
374
371
372
371
371
373
370
369
373
370
381
360
373
371
370
370
371
373
370
369
370
382
363
368
371
370
371
370
373
368
371
368
372
369
369
372
367
369
371
370
367
373
369
372
369
369
368
371
371
371
368
369
372
368
371
372
366
372
370
370
380
360
368
369
371
368
369
372
368
366
369
371
368
371
367
368
382
360
367
372
371
374
371
378
378
385
371
377
379
379
382
380
382
382
384
383
383
383
383
380
382
382
384
380
383
383
382
385
383
383
388
380
387
385
386
382
385
400
373
385
388
388
386
388
398
377
391
396
393
392
392
395
392
392
390
393
404
378
400
395
395
393
393
388
392
392
391
383
390
387
387
386
383
388
386
388
386
386
389
387
386
389
393
388
389
390
392
392
389
405
382
421
409
405
412
425
413
421
411
410
405
406
401
405
396
398
396
394
400
393
392
408
378
392
392
393
391
389
389
390
392
388
390
388
389
391
393
394
391
395
400
383
399
394
397
404
384
394
397
399
395
397
395
394
395
397
397
393
395
392
395
393
392
390
405
377
389
391
388
394
385
391
390
387
388
389
354
421
383
385
387
386
388
388
383
385
388
387
387
383
387
386
387
386
386
399
375
387
386
385
389
387
399
375
387
385
389
384
390
388
384
383
384
385
428
344
386
385
387
387
388
390
388
388
393
391
393
390
393
390
391
392
396
392
392
395
391
392
392
391
388
438
348
390
391
389
389
392
387
387
389
385
385
389
382
384
384
385
389
382
404
369
389
388
389
388
388
387
387
385
387
388
386
386
384
386
387
388
388
386
389
449
339
394
393
396
396
397
418
371
396
397
395
403
382
394
391
388
390
388
389
389
387
387
388
386
385
396
372
384
386
384
384
386
397
371
385
387
383
385
382
385
385
382
386
382
381
384
383
384
384
388
387
382
386
386
390
392
392
386
389
389
389
392
390
394
388
394
387
393
389
388
389
390
383
390
388
384
387
387
383
385
384
387
383
385
383
384
384
388
383
385
383
386
385
382
385
382
384
383
379
387
380
382
383
378
384
382
383
384
390
390
395
396
403
408
404
414
410
407
405
411
474
383
424
425
539
544
498
470
445
429
420
422
412
418
413
419
420
414
412
409
410
596
511
485
453
430
421
416
418
413
412
399
407
402
400
395
399
394
395
394
391
394
391
393
394
388
394
393
392
393
386
392
388
391
391
387
386
389
386
386
383
385
400
367
385
383
383
381
382
379
383
378
380
381
378
381
388
367
381
393
370
396
369
383
380
384
382
380
385
383
391
371
382
381
388
381
378
379
383
379
378
382
379
378
378
380
376
386
378
379
377
382
373
379
378
382
386
370
374
381
377
374
377
379
376
378
374
377
378
372
387
362
371
374
373
370
373
363
378
370
374
370
364
369
379
356
365
364
367
364
371
366
367
377
375
409
409
394
389
382
380
382
380
378
387
366
368
382
368
372
372

