452
451
440
434
444
444
438
432
447
491
460
454
458
440
444
453
440
462
409
438
434
431
426
427
441
409
404
440
416
419
412
417
425
421
454
434
449
421
484
413
429
432
440
428
436
469
452
484
427
441
473
463
446
460
463
446
457
445
443
469
454
463
442
448
453
438
446
433
429
434
427
425
434
418
418
423
424
434
423
440
471
486
464
451
471
450
444
436
439
433
440
437
434
435
436
436
437
461
455
465
446
450
473
443
446
454
451
437
434
424
428
429
427
426
423
432
435
450
459
453
456
438
443
443
459
472
473
477
483
485
477
478
472
460
484
475
469
481
458
461
463
452
465
458
467
453
465
450
444
444
434
443
454
454
435
433
439
443
431
433
439
433
425
427
426
422
424
420
428
430
422
426
438
431
424
418
422
432
439
425
423
419
419
427
421
424
414
413
421
424
424
441
430
431
420
427
417
419
413
434
423
424
435
429
437
429
427
418
429
432
414
423
421
432
417
420
419
415
411
414
410
404
405
407
402
401
401
393
395
395
395
394
372
403
388
387
382
388
380
381
386
376
377
381
379
408
344
375
371
371
369
372
372
368
371
368
368
367
371
368
368
368
367
368
396
337
366
367
370
340
395
367
368
366
369
367
368
372
375
373
380
382
384
383
390
386
395
417
416
462
386
421
426
425
425
427
434
425
475
391
449
433
433
425
432
442
430
460
442
415
411
415
416
408
410
423
450
445
437
427
425
447
442
477
452
436
430
459
428
455
466
440
466
485
470
454
443
438
417
426
432
425
433
440
470
451
430
430
434
436
421
427
440
434
420
429
444
435
430
444
463
459
437
436
444
426
420
418
426
430
423
436
436
437
467
437
429
427
438
444
425
427
433
435
419
429
438
451
430
439
434
447
425
429
451
474
456
437
440
447
447
434
450
444
438
421
437
450
436
441
444
432
447
449
446
431
457
461
438
454
451
446
440
464
445
443
442
431
423
442
425
427
434
433
424
489
402
437
434
448
450
434
445
471
489
466
451
469
468
441
448
490
478
455
476
475
438
455
441
430
430
422
421
426
423
427
431
438
454
453
442
445
435
432
429
431
429
426
418
417
419
414
425
426
425
453
468
481
422
443
470
476
456
446
451
448
454
447
447
455
439
441
449
431
443
444
428
438
424
427
457
435
434
443
437
422
428
432
444
429
417
428
424
427
428
430
426
428
425
422
435
430
430
449
457
447
445
461
452
465
450
475
453
445
452
436
431
446
443
429
429
446
431
421
424
434
444
445
458
485
475
461
461
449
469
449
445
441
461
433
439
437
454
443
439
440
431
437
442
444
421
431
429
446
449
443
460
444
441
439
430
431
426
433
422
419
421
416
419
418
418
417
419
423
449
387
420
429
420
421
421
421
425
423
417
423
432
421
421
428
436
431
428
438
429
426
429
422
422
423
443
457
432
436
434
433
427
427
446
436
431
426
432
428
429
427
435
453
442
454
438
441
434
437
436
429
430
432
449
435
429
442
433
431
436
428
431
432
428
423
425
423
422
436
427
425
425
421
419
425
430
422
434
446
437
427
453
431
442
441
459
438
445
452
439
439
455
448
444
444
434
442
451
429
448
473
451
456
444
440
443
432
437
439
428
431
441
442
438
441
449
466
427
445
442
435
438
437
430
433
424
426
451
442
432
441
418
464
444
443
441
450
440
448
442
436
436
449
435
435
435
432
434
439
442
437
448
442
438
428
441
463
420
431
439
445
435
429
441
432
431
431
423
426
425
420
428
434
424
424
428
423
417
424
419
423
410
414
415
418
416
417
443
440
446
464
466
475
514
491
484
482
457
460
455
438
444
480
461
457
458
461
458
448
453
459
444
441
442
436
445
442
452
444
445
462
440
453
439
439
442
435
441
432
443
439
443
434
439
435
428
431
425
428
425
425
444
438
457
470
449
474
471
466
469
470
472
486
465
455
451
451
454
449
436
443
444
433
432
432
432
422
426
422
423
422
427
427
420
420
438
429
428
430
464
451
435
444
437
432
429
425
428
425
433
437
440
435
433
432
423
427
430
438
433
429
437
425
426
423
422
423
432
452
455
444
445
444
446
464
451
455
452
468
456
445
453
434
433
433
443
433
438
458
438
435
452
444
440
460
435
433
447
438
430
435
429
429
431
434
450
443
431
431
432
429
422
428
433
440
432
456
446
439
465
455
458
456
448
467
456
455
446
458
464
452
446
445
443
442
438
438
465
408
428
425
442
432
441
458
453
471
473
488
482
477
496
480
488
476
495
469
488
465
469
461
457
452
445
441
469
458
459
455
447
463
442
445
419
461
437
416
439
433
458
431
436
435
431
434
430
439
431
433
432
410
459
430
427
456
436
436
439
435
433
437
435
433
443
423
435
432
432
432
433
428
434
436
434
435
425
433
443
430
434
438
431
436
441
435
442
437
434
435
426
437
456
450
452
447
461
445
445
439
437
434
432
431
423
427
419
425
430
421
423
423
426
427
429
430
428
434
432
435
435
441
431
441
434
433
431
432
433
425
425
429
436
430
443
461
446
457
448
441
458
436
443
455
442
441
438
437
432
429
435
429
425
427
432
423
428
425
423
424
423
420
419
418
413
411
415
412
438
429
447
415
463
434
419
430
417
420
417
424
403
431
433
424
445
434
434
430
443
433
438
429
442
440
432
436
430
427
433
424
427
437
435
441
458
440
447
446
448
442
438
437
447
432
456
415
442
435
439
446
435
448
432
435
440
434
433
434
426
429
428
425
436
435
436
440
430
443
436
434
443
435
445
433
430
435
431
438
430
429
434
429
443
439
438
441
455
444
433
479
449
443
441
443
444
442
448
442
443
438
439
437
430
449
438
433
435
425
427
431
428
433
451
439
453
445
439
444
445
457
473
423
449
441
463
419
442
433
438
427
428
427
427
431
428
449
402
426
445
424
429
425
419
427
427
429
425
423
417
421
422
419
449
393
436
454
450
455
441
443
437
449
442
445
434
431
428
439
419
426
427
425
425
417
418
421
412
421
432
431
437
429
440
432
432
430
431
427
431
430
447
423
447
446
444
441
440
435
435
434
437
432
440
432
436
435
439
445
436
435
433
434
429
430
435
425
443
434
445
438
440
443
435
446
468
406
441
437
438
432
441
441
431
431
427
425
426
441
436
441
453
441
462
461
466
471
467
487
477
462
459
450
456
455
423
480
445
447
457
438
442
458
445
457
456
439
451
453
446
455
447
450
462
449
455
449
461
447
443
448
450
447
443
445
443
452
450
442
454
440
441
454
446
449
440
443
436
438
434
434
452
415
432
442
429
429
439
436
436
466
451
459
445
457
447
471
454
467
461
456
474
457
454
446
444
440
444
435
438
446
438
445
442
435
447
436
439
450
438
439
444
435
445
434
432
436
434
438
432
438
434
436
440
446
413
464
453
436
437
438
460
406
432
452
443
438
436
437
435
437
455
449
451
488
466
484
488
477
471
458
452
446
447
439
438
435
432
423
428
425
413
419
415
411
411
410
418
421
435
446
437
432
432
432
425
428
424
425
426
426
428
421
422
424
420
423
420
418
419
420
425
429
427
446
433
436
453
441
457
461
455
464
448
448
451
449
457
452
441
459
445
446
445
437
442
438
437
437
435
436
449
441
443
453
455
439
441
445
442
435
435
437
434
434
433
431
436
434
437
435
433
441
438
455
438
438
466
412
438
433
428
428
426
424
418
422
435
441
445
467
450
465
482
479
432
470
449
453
464
451
445
451
442
458
442
446
433
436
438
433
443
453
439
444
441
441
436
435
429
428
419
428
420
424
436
441
437
461
451
448
450
450
446
469
447
448
449
447
444
450
466
450
445
442
438
432
433
433
431
426
425
428
423
423
431
434
434
421
435
461
405
455
449
440
451
449
455
456
447
459
444
438
434
434
429
431
422
423
431
426
440
447
436
447
448
439
436
431
431
429
421
426
420
432
427
440
432
438
452
441
459
445
442
440
434
439
433
439
424
425
431
424
425
428
417
426
420
419
421
422
414
416
416
418
432
422
427
440
428
431
435
433
434
457
453
449
442
439
438
436
434
440
447
436
435
435
429
429
428
423
422
418
425
429
424
423
458
408
433
438
433
449
436
433
436
428
442
431
438
430
433
427
424
422
425
424
470
397
449
439
472
454
462
450
458
465
461
460
451
461
454
454
446
458
450
448
467
459
458
416
475
437
433
445
430
431
429
428
455
438
439
444
434
438
435
434
437
436
448
438
445
434
439
435
430
433
430
452
435
436
425
431
431
428
423
427
444
435
436
463
434
440
447
436
436
441
434
433
446
436
444
435
433
440
433
433
430
426
426
422
423
422
423
427
430
423
429
418
427
424
420
437
430
424
427
448
401
429
427
424
432
426
439
434
423
427
428
422
426
423
420
432
423
425
426
422
426
432
424
427
426
449
402
425
443
401
426
435
434
434
487
457
457
492
495
427
483
480
464
449
456
455
441
447
440
475
416
447
441
460
446
459
440
449
447
460
446
454
446
449
442
437
437
433
449
436
440
436
430
429
431
444
429
442
453
469
418
437
442
434
438
441
432
427
437
430
430
435
429
428
430
429
425
438
433
446
438
438
446
472
458
457
476
459
460
455
454
445
440
441
455
428
444
443
441
446
439
431
436
427
435
430
447
434
429
427
432
424
426
423
433
423
436
429
430
441
444
437
437
441
435
439
457
467
471
449
469
458
445
453
425
444
471
399
433
441
431
434
440
441
439
438
434
440
443
433
447
436
404
476
431
439
432
436
432
437
438
436
437
427
439
430
432
433
440
