   1.8348464e-02
   1.3003257e-01
   1.6148183e-01
   2.2221673e-02
   1.1490004e-02
   2.2432058e-02
   3.7054967e-02
   5.7721606e-02
   5.0998478e-02
   4.2494192e-02
   4.1040200e-02
   6.1799602e-02
   7.9345692e-02
   5.3987356e-02
   4.8842204e-02
   1.6831797e-02
   1.3386953e-03
   2.2625575e-03
   9.9448077e-03
   1.6720900e-02
   1.3601824e-02
   1.6289138e-02
   1.1261756e-02
   2.6674188e-03
   1.8112011e-03
   4.9978509e-03
   8.0441776e-03
   7.2497444e-03
   3.0468897e-03
   7.1835816e-04
   9.7601341e-04
   3.9911179e-03
   4.2111137e-03
   7.5892587e-03
   5.2085498e-03
   1.3735080e-03
   5.5958330e-04
   1.8556334e-05
   2.6608169e-05
   6.1422362e-04
   1.0685926e-03
   1.3071866e-03
   6.2678817e-04
   4.0217306e-04
   5.1729263e-05
   3.1187860e-05
   3.7016053e-05
   1.6182618e-04
   4.5721073e-05
   1.9178363e-04
   4.6939115e-05
   2.9891971e-04
   4.7935248e-04
   8.7624032e-05
   9.4561251e-05
   2.8069161e-04
   5.1149308e-04
   7.5265362e-04
   1.6566463e-04
   2.5278939e-04
   8.8982278e-05
   2.1289297e-05
   7.2201693e-05
   1.4974312e-04
   7.2721794e-05
   7.4732070e-05
   3.8733616e-05
   8.0593103e-06
   2.6582729e-05
   1.8412097e-04
   1.2895777e-04
   3.6257012e-05
   1.1504263e-04
   1.1009026e-04
   1.1338605e-05
   5.9332999e-06
   1.1067914e-04
   1.7972857e-04
   2.2038301e-04
   4.5199786e-05
   1.9142265e-05
   5.3324115e-05
   8.5350319e-05
   8.8686347e-05
   2.8929873e-05
   6.5097279e-05
   6.4019369e-05
   1.8922891e-04
   3.9498063e-05
   4.5054344e-05
   4.0045656e-05
   6.3405012e-05
   7.9207730e-05
   6.7235492e-05
   6.9721274e-05
   5.2364902e-05
   5.6361627e-05
   4.4630657e-05
   4.8628724e-06
   2.5367184e-05
   2.1125347e-05
   5.9805590e-05
   8.3412880e-05
   4.0927611e-05
   3.4288246e-05
   1.5264694e-05
   9.9669585e-06
   1.7245381e-05
   2.7245242e-05
   1.3913123e-04
   1.4996544e-04
   5.0639576e-05
   6.0557333e-05
   6.6466300e-05
   9.8435790e-06
   6.4549602e-05
   1.0942559e-06
   9.3215909e-05
   8.7325916e-05
   1.9240635e-05
   1.4566173e-06
   8.0121874e-07
   8.0478230e-06
   1.7416124e-05
   3.0456687e-05
   4.1768328e-05
   4.4342023e-05
   1.4289044e-04
   1.2151947e-04
   6.3351140e-05
   1.3136329e-05
   2.1940161e-05
   3.2444587e-06
   8.2661442e-06
   4.1625578e-05
   7.0645396e-05
   6.0731880e-05
   1.4409234e-05
   1.1837231e-06
   6.8891460e-06
   1.7605976e-05
   1.4058829e-04
   9.0908127e-05
   9.7442049e-06
   2.9455345e-07
   2.1948041e-05
   2.7141237e-05
   1.7581025e-05
   1.7383040e-05
   1.8499634e-05
   4.6189791e-06
   5.2052568e-05
   3.0564689e-05
   1.7568111e-05
   1.3291345e-05
   1.0413178e-05
   3.5651161e-06
   4.0224499e-06
   1.7322368e-05
   2.1374108e-05
   1.6008153e-05
   2.7177038e-05
   9.9087417e-06
   1.7632943e-05
   2.1873827e-05
   2.9826714e-05
   1.6300599e-05
   2.2201010e-05
   3.3312448e-05
   1.1722642e-04
   4.7634142e-05
   3.2652646e-05
   1.8099061e-05
   2.4401896e-05
   6.8629156e-06
   1.9169788e-05
   6.2466952e-05
   3.8443958e-05
   1.4231194e-05
   1.6592142e-05
   3.5129859e-05
   8.4375124e-06
   2.0607571e-06
   4.1579002e-05
   5.9907706e-05
   1.8002194e-05
   8.0533927e-07
   7.6173840e-06
   1.0966382e-05
   3.7985768e-06
   4.2772124e-06
   7.4655668e-07
   3.0527796e-05
   6.2769573e-05
   5.9524641e-05
   6.3487502e-05
   2.6676426e-05
   2.5970376e-05
   5.6108694e-05
   2.6116559e-05
   2.2207907e-06
   2.2092229e-06
   3.2538996e-05
   4.6519732e-05
   1.9373619e-05
   9.3502279e-05
   4.6757708e-05
   2.1762035e-05
   4.3035287e-05
   8.5778874e-06
   3.1483500e-06
   3.1399799e-06
   2.6584668e-06
   1.7957777e-05
   4.6037563e-07
   6.8750754e-06
   1.0032096e-05
   7.9031519e-06
   6.1597192e-06
   2.8466572e-06
   3.8302700e-07
   1.0697491e-06
   3.3402295e-06
   2.3998421e-05
   1.0747366e-07
   8.0804707e-06
   1.7472707e-05
   2.1173738e-05
   2.9205255e-05
   2.7685134e-05
   1.5765864e-06
   2.0836481e-05
   2.6305999e-05
   2.3087160e-05
   1.3339365e-05
   8.4924361e-06
   1.0436881e-06
   8.9553782e-06
   2.3783734e-05
   5.9916280e-05
   6.8111721e-05
   3.2161400e-05
   4.0164959e-05
   4.9677870e-05
   1.5046926e-05
   2.0102155e-06
   9.4906707e-06
   1.8773644e-05
   9.4188917e-06
   5.5922046e-07
   4.2777009e-07
   6.8416350e-06
   6.4850441e-06
   9.1979164e-06
   1.3296905e-05
   8.9972546e-06
   8.8602991e-06
   3.0028123e-05
   5.4524547e-05
   6.3657388e-05
   6.9792838e-05
   1.7779257e-05
   1.5691021e-05
   2.3224822e-05
   2.1570939e-05
   4.2691941e-05
   4.9827244e-05
   7.9677027e-05
   4.9080418e-05
   4.3751556e-06
   1.1437748e-06
   2.0973644e-05
   3.7278958e-05
   1.3889989e-05
   5.4794502e-05
   5.5750613e-05
   3.6769461e-06
   2.6591627e-05
   2.7915411e-05
   2.6394533e-05
   1.0603934e-05
   2.6866726e-05
   4.6584566e-05
   1.8370401e-05
   5.1354921e-06
   1.6879000e-05
   2.2816599e-05
   6.6878407e-06
   5.7692945e-06
   1.4193317e-05
   2.6323105e-05
   5.6452173e-05
   2.1588163e-05
   7.6243399e-06
   3.0422200e-05
   3.5096875e-05
   2.0177728e-06
   1.8498893e-06
   5.2584410e-05
   3.9773729e-05
   8.5236196e-08
