468
467
465
466
465
468
469
469
469
468
470
469
467
469
468
467
470
466
465
465
466
463
464
463
459
461
458
457
456
457
457
453
455
452
456
453
454
456
458
457
455
457
458
459
458
462
466
469
468
468
467
469
467
462
462
461
462
463
465
469
470
471
469
470
471
469
468
466
465
465
463
463
461
462
465
463
464
464
465
466
468
467
468
468
471
468
472
467
469
468
469
469
471
473
474
473
473
473
473
472
471
470
472
471
471
470
468
469
467
467
470
465
467
467
467
466
467
461
461
460
463
458
460
464
461
466
466
467
468
468
467
470
469
464
467
463
462
465
468
464
468
463
469
467
471
471
474
477
480
482
480
481
478
479
478
476
476
475
476
472
475
474
475
471
465
471
468
467
468
473
473
472
473
468
466
466
469
463
463
465
467
473
476
482
479
477
473
482
480
480
480
486
482
488
482
480
480
483
482
477
475
472
474
476
479
484
480
483
480
483
478
475
480
478
481
476
480
476
475
474
476
477
475
474
473
477
474
475
476
474
472
476
479
474
474
473
472
474
471
473
471
474
473
470
471
470
472
472
471
470
470
469
469
469
470
471
469
464
475
471
469
466
470
468
467
466
465
465
466
473
467
470
464
469
465
462
461
464
469
476
472
477
471
476
473
470
468
468
470
466
468
464
468
470
466
474
467
467
465
465
464
463
466
469
468
466
466
462
467
461
464
463
465
462
469
464
461
462
458
457
452
453
454
452
451
452
450
449
451
447
448
447
445
443
442
440
439
435
434
442
428
425
418
413
412
408
407
420
404
400
400
402
404
410
415
422
434
447
459
468
479
494
500
508
508
507
509
508
493
495
497
480
487
479
484
482
482
477
471
476
470
468
463
461
456
453
449
445
441
436
434
431
432
429
427
424
424
423
421
419
417
416
415
413
411
410
410
409
409
407
409
408
413
413
410
410
413
413
418
430
435
439
441
442
452
457
457
454
449
451
449
450
456
456
450
447
451
448
449
449
444
442
442
440
437
436
430
424
418
414
412
410
410
408
412
412
416
426
430
441
453
467
482
485
482
477
481
476
479
475
474
478
476
474
473
474
473
475
475
479
480
483
488
487
486
496
481
485
476
479
475
481
477
479
472
468
470
468
474
467
470
471
470
472
473
472
475
477
470
469
474
470
474
471
475
480
486
476
477
476
475
478
480
478
481
478
478
480
477
477
479
476
474
470
470
470
468
474
474
472
473
476
476
469
474
471
474
474
477
480
478
476
477
478
480
478
477
478
480
476
482
478
476
476
479
472
476
478
477
477
481
487
490
485
488
483
485
480
483
478
480
475
479
483
479
485
484
489
481
481
476
475
475
472
476
474
477
480
481
483
483
483
485
485
481
480
478
477
475
476
476
475
474
476
477
475
482
478
484
486
487
484
485
484
481
480
478
476
476
473
481
479
476
482
481
486
486
489
485
481
484
