482
477
483
479
476
475
474
473
478
481
480
479
488
493
493
496
490
494
494
500
507
498
495
489
493
486
485
483
480
478
474
474
471
469
467
467
466
463
463
462
462
461
461
461
461
461
461
464
465
467
467
468
471
468
469
475
478
476
487
486
480
477
478
479
479
479
478
477
480
486
484
489
490
489
489
485
492
491
494
490
486
482
481
479
476
477
477
473
472
474
485
484
486
486
486
488
491
489
488
486
487
485
485
485
488
486
486
483
484
482
479
479
481
477
478
484
480
480
485
488
486
484
480
481
482
485
483
483
482
479
480
480
480
480
487
486
485
484
491
486
484
481
479
478
476
473
474
474
471
472
473
476
479
479
479
477
480
480
479
479
481
485
485
486
486
488
494
490
494
491
492
491
490
487
486
486
489
486
492
497
516
541
546
573
588
585
574
563
557
567
575
584
587
580
574
575
565
573
564
562
563
564
563
548
536
520
511
522
531
552
542
534
534
517
511
524
509
503
509
509
503
500
496
494
490
492
493
489
488
490
487
485
486
487
485
484
482
480
480
487
494
488
491
497
499
495
492
492
490
486
503
502
514
519
504
495
495
501
503
496
486
488
486
485
479
477
475
474
471
468
467
467
463
464
461
460
458
458
457
456
457
456
455
458
460
471
467
475
483
475
482
492
488
485
483
482
482
477
478
475
471
470
467
465
463
462
461
461
470
463
461
461
459
461
459
459
459
455
454
451
449
447
446
443
440
439
438
438
436
434
434
431
430
427
425
424
420
417
414
412
409
409
410
416
415
425
423
429
429
433
448
442
436
429
425
424
424
423
421
420
418
417
416
414
414
411
412
414
414
415
419
421
436
440
459
466
470
464
478
469
465
473
457
467
459
460
454
460
449
445
442
444
438
437
435
436
435
435
432
432
429
423
419
422
423
422
418
431
426
422
421
422
427
425
425
425
425
424
423
422
422
421
417
414
414
413
411
411
410
409
409
408
411
409
410
411
412
414
418
421
431
433
435
450
447
448
447
452
454
460
481
462
457
465
467
489
492
494
505
504
512
515
515
516
519
523
529
538
545
533
524
495
492
483
476
473
467
467
465
480
480
479
488
494
497
499
511
518
510
500
488
487
482
492
491
508
523
500
507
493
486
498
499
503
500
495
484
481
478
472
473
472
471
464
463
463
467
481
479
481
484
483
492
491
483
478
479
477
473
477
485
489
490
504
495
497
483
478
475
471
466
466
465
461
464
462
473
471
480
476
479
488
480
494
484
479
476
473
470
473
468
476
488
488
486
483
501
485
477
476
471
477
477
474
473
476
475
473
473
470
468
472
472
474
468
464
464
462
461
458
458
462
458
461
474
473
478
474
470
469
468
465
465
463
462
464
478
490
487
484
481
478
475
477
489
478
487
491
484
483
480
480
482
484
504
494
490
489
482
479
476
