476
477
478
476
475
473
471
471
470
468
473
470
471
472
473
475
474
475
475
474
472
471
473
471
471
470
469
469
468
468
466
469
468
467
468
466
466
466
467
466
467
471
474
478
475
477
475
478
476
475
473
472
470
469
468
468
467
468
467
469
471
470
470
470
469
468
470
471
470
470
469
473
471
472
475
475
480
479
477
478
476
475
473
473
472
473
473
471
466
478
471
472
469
469
467
469
469
467
470
474
474
476
470
484
477
477
479
478
477
476
476
477
476
477
478
476
477
476
479
470
473
471
470
469
468
466
466
464
464
464
462
464
463
463
462
462
463
462
463
462
462
464
465
467
469
471
471
472
474
474
475
474
473
474
472
474
473
476
478
482
480
484
484
487
483
482
484
479
477
476
476
478
481
484
491
492
495
502
500
499
499
492
491
485
484
484
482
483
481
477
476
476
472
473
472
474
475
473
475
472
474
473
471
471
472
471
470
468
469
471
478
477
475
477
478
478
476
480
478
475
473
479
485
482
478
477
480
489
491
497
499
508
510
507
504
499
505
498
493
485
483
487
471
474
475
471
471
467
473
477
479
481
481
485
492
490
490
491
487
484
480
478
475
474
475
474
472
471
473
471
474
472
470
476
475
477
477
476
477
476
476
475
474
472
471
472
471
468
468
468
467
465
465
472
467
469
469
471
470
481
477
478
476
478
477
476
475
473
471
470
470
468
468
467
470
468
467
469
469
467
468
470
470
469
474
472
473
475
475
476
476
474
473
473
472
470
473
473
474
475
477
483
482
484
483
481
481
481
481
479
478
476
475
474
473
471
471
471
471
472
473
472
472
472
474
473
473
472
472
471
473
478
478
480
483
482
481
483
480
480
482
480
479
476
477
475
474
474
473
476
474
476
474
476
476
476
478
476
478
477
476
477
475
474
473
473
471
473
471
476
473
474
475
475
475
475
475
476
476
477
477
482
481
479
480
479
480
480
479
481
480
480
478
478
476
474
472
471
469
468
468
468
468
468
468
469
471
470
469
471
468
468
467
467
465
466
464
466
467
469
471
472
473
477
474
478
480
479
479
478
477
474
474
474
471
474
475
482
482
486
485
485
487
488
494
499
508
508
508
503
498
494
493
494
493
497
502
516
518
523
524
518
519
514
511
506
502
498
495
492
493
491
497
495
496
493
497
503
502
509
517
515
515
509
508
510
503
494
493
493
490
488
486
485
484
479
488
486
483
488
490
488
487
489
488
487
484
497
489
494
498
493
489
486
482
483
483
484
483
484
484
488
481
481
482
478
484
481
482
478
480
480
481
487
483
485
484
483
482
486
484
489
490
490
490
488
486
484
484
482
483
485
481
479
478
481
481
482
485
484
486
486
486
486
487
486
482
481
478
478
476
478
478
477
479
478
477
479
478
478
476
476
476
477
478
476
