446
443
443
444
446
448
456
459
474
476
480
484
480
486
485
482
481
481
482
480
483
484
481
480
480
478
483
481
483
482
484
482
479
480
482
479
478
477
475
479
482
484
488
486
484
482
480
482
486
484
479
478
478
474
473
468
466
464
461
458
456
453
451
449
447
447
445
445
445
444
444
444
442
442
441
445
445
447
448
454
454
459
460
462
460
458
457
457
454
452
450
448
444
443
441
438
438
436
434
434
435
435
433
430
427
422
420
418
417
414
413
411
411
410
409
408
409
407
413
418
418
423
430
431
435
446
448
447
452
453
466
465
469
479
479
479
475
473
468
475
481
479
478
480
478
476
473
473
472
467
469
465
475
471
468
465
466
462
459
457
457
456
455
452
451
450
450
452
453
451
451
453
452
454
454
456
455
455
458
458
461
466
466
467
468
478
474
475
473
480
475
477
480
474
476
480
472
474
471
473
471
472
471
469
479
479
480
484
478
478
472
472
470
468
467
467
468
467
465
464
462
463
461
458
455
454
453
457
456
455
458
461
463
465
466
468
466
476
472
474
473
474
487
491
486
483
483
490
483
481
479
477
478
477
472
468
464
460
455
450
443
440
435
431
429
424
421
418
417
414
412
411
412
414
413
411
409
408
408
405
404
403
401
399
399
397
398
398
397
398
400
402
408
413
422
427
434
444
452
462
470
475
485
493
497
494
488
484
476
466
458
454
453
446
445
446
445
456
457
455
464
471
464
460
458
454
449
447
446
444
443
443
440
442
440
445
447
449
450
453
456
460
461
461
463
461
466
466
466
467
466
465
464
463
465
465
466
466
472
468
466
453
462
462
458
458
458
456
458
459
461
459
461
461
462
466
464
461
460
459
459
455
454
452
450
447
452
443
441
436
433
433
429
428
425
419
417
415
411
409
410
406
418
407
403
403
423
419
425
435
455
472
513
537
561
568
568
555
545
534
523
510
502
489
482
473
470
457
459
454
451
451
452
445
444
442
441
441
438
441
440
441
440
441
439
436
435
434
432
433
433
435
432
445
443
448
448
448
450
449
451
450
449
448
445
443
442
447
451
458
454
464
473
473
480
477
473
471
466
462
461
459
456
461
459
459
459
460
463
466
463
471
472
470
473
477
477
473
476
471
473
475
477
483
480
476
475
481
477
479
475
478
472
470
469
468
472
471
479
470
469
465
463
469
465
464
463
462
459
458
457
457
457
461
458
458
459
462
462
466
464
473
469
467
472
478
474
475
475
475
475
473
478
479
477
476
471
473
474
474
476
480
479
483
480
482
484
484
481
480
477
477
476
474
475
476
476
476
473
473
474
472
475
476
474
475
473
471
469
471
470
473
471
469
468
469
466
468
470
468
469
469
471
471
472
474
474
472
472
471
472
469
468
467
467
469
470
470
469
467
467
465
466
466
465
464
466
466
468
470
469
467
475
473
471
470
469
465
464
466
463
462
465
464
465
467
468
