500
507
514
513
546
556
547
539
523
516
518
504
504
490
502
504
496
506
487
476
465
460
457
454
448
439
444
435
431
428
427
425
427
427
440
436
442
447
446
449
444
444
451
445
453
448
450
451
456
455
473
469
471
473
484
491
485
475
471
480
482
483
475
487
491
482
493
495
502
505
499
505
485
480
468
470
463
460
453
455
453
450
452
447
455
449
446
453
458
462
454
456
460
469
476
469
467
458
462
472
460
461
468
458
450
456
451
459
459
460
460
471
476
475
486
479
487
472
458
452
461
451
449
447
449
446
445
463
457
452
460
454
465
467
465
460
458
456
458
462
460
462
460
458
456
467
458
457
459
467
462
460
461
455
460
464
457
466
458
455
456
453
453
461
472
464
461
461
456
464
455
453
448
451
451
450
457
460
452
453
448
451
446
445
451
445
448
451
452
450
449
449
453
454
456
452
455
458
452
451
451
450
464
476
473
476
476
474
469
469
480
471
462
471
460
467
466
456
455
455
456
457
456
461
461
456
457
455
453
452
449
446
448
439
450
451
452
457
455
458
466
458
471
468
467
462
458
461
450
458
461
468
458
458
459
458
466
456
456
451
448
460
460
459
462
462
465
459
457
463
463
457
454
456
452
452
446
447
446
447
438
451
453
473
484
484
480
480
479
469
468
471
468
469
480
477
464
465
484
479
483
475
484
477
487
492
490
481
477
473
473
474
473
469
468
469
467
464
466
459
464
465
460
457
456
457
456
470
476
479
492
504
501
507
519
520
529
535
523
526
527
543
545
533
532
532
521
517
515
513
509
514
510
511
502
506
500
506
502
498
512
510
507
514
518
509
523
517
509
504
520
515
519
530
536
522
518
506
496
488
493
485
496
479
473
467
460
457
452
451
453
452
454
456
455
457
398
533
473
476
459
484
478
474
471
479
481
474
471
476
471
468
465
465
468
463
458
454
453
456
464
472
465
458
457
450
451
446
438
445
437
436

430
466
394
433
424
413
420
418
414
410
412
415
409
407
406
401
404
406
401
400
403
405
400
407
407
414
414
422
419
420
422
421
422
421
419
419
417
414
413
411
409
414
411
409
409
408
405
404
403
398
404
400
397
395
394
394
393
392
392
387
394
386
394
389
389
391
390
389
391
392
393
388
398
392
401
395
412
409
441
439
447
447
446
444
434
431
428
420
429
419
412
416
412
399
404
396
400
392
394
400
397
403
408
401
412
409
410
410
412
414
414
414
417
423
421
431
428
433
435
433
438
442
444
440
443
442
439
443
459
483
464
459
457
444
450
446
443
442
444
447
440
439
437
435
430
438
432
437
435
435
433
431
432
432
431
432
431
436
435
435
437
436
438
437
439
439
440
443
439
449
447
445
439
450
443
445
445
448
449
445
445
447
446
447
445
443
451
445
443
452
449
441
454
460
456
455
452
450
457
453
447
461
460
456
461
454
459
447
453
442
451
445
446
445
438
448
441
435
441
441
436
