26974830.09
24327726.24
10830472.57
6475566.26
5360647.49
5388709
2688085.33
3120451.13
8813338.87
6891807.97
4004643.32
3282083.48
3520549.36
3643128.32
2347872.97
3389572.63
4152698.69
2296841.16
1988284.3
1602906.41
1867650.08
2254653.6
1506308.61
1667736.09
1549149.34
1199056.49
1082274.43
820795.96
1143227.96
969776.09
626565.9
1025167.05
1030771.96
827269.12
734575.9
548833.39
515352.75
327433.61
334593.72
466137.58
339947.11
420010.43
429020.79
330878.82
402603.23
325658.22
286244.42
241403.59
215342.7
312202.13
262437.58
304142.8
390417.89
233497.62
225392.56
204057.3
165406.14
179565.47
144716.05
152013.21
128373.23
126005.9
212438.31
151616.2
137057.58
169296.35
101995.53
81825.35
80021.43
105367.8
122468.02
83240.45
112787.61
108749.78
69421.84
73545.63
53555.18
54984.8
61942.58
46058.35
56693.57
65037.85
74935.91
61995.08
38363.56
65201
60779.58
33301.57
47684.73
56930.74
49712.39
35945.21
38788.98
68226.04
43379.85
34768.13
42534.19
29614.03
31546.52
28010.98
29289.97
50964.52
44007.43
38415.22
33401.02
36220.32
44183.91
20432.01
23646.34
41574.34
22895.74
20298.33
26973.71
34998.88
26824.68
14310.15
22957.85
21118.64
12881.25
18218.22
17381.42
21918.4
23739.41
16677.31
23571.74
23729.44
22127.59
17618.5
12786.43
23327.64
16184.71
10351.98
21925.35
22969.27
18895.89
16045.49
16982.29
19692.47
9083.09
10691.81
17687.68
13325.8
19090.11
18344.85
16080.31
18035.92
11343.86
11746.08
10575.89
10400.45
13208.81
7986.73
12183.23
16705.95
8954.76
10885.63
11417.49
10634.17
10068.01
9329.92
16499.93
10773.11
7799.53
13753.42
10621.27
12018.46
14421.95
11295.8
10923.85
6286.85
6624.28
8150.26
7510.5
14219.9
11645.09
9550.87
13287.76
8592.5
9331.46
11037.58
10891.6
11851.74
8276.23
13723.72
15772.7
9112.52
13789.31
10312.06
5918.22
6097.8
6295.28
9978.84
7869
6877.1
9075.34
5025.46
6283.2
9065.52
7989.35
10949.07
6787.81
5012.43
5938.17
6373.13
11093.42
8854.12
8700.6
11071.54
4788.81
5653.64
9357.8
8039.24
7964.69
6297.04
10157.95
11991
8880.93
16671.35
11619.07
6154.61
6211.76
5383.18
10231.28
11768.46
8570.27
8426.59
4652.81
5137.08
5556.14
5632.87
12642.42
7421.11
4010.2
5515.13
6497.56
9957.57
9031.66
11375.69
13967.67
4732.95
5055.39
8328.25
7388.61
8017.66
5093.62
5754.68
6689.21
4969.51
8428.9
7643.5
6021.24
4988.25
2726.68
6468.23
13161.62
11121.02
11806.97
8301.03
8067.39
5668.62
5286.66
16429.54
12412.13
6220.82
6412.95
5896.82
8852.74
8319.53
9182.6
11754.76
5189.26
4892.66
6064.11
7124.95
11734.55
5960.44
4359.74
5672.24
4976.58
6440.96
5735.39
6265.71
4981.73
1815.78
3341.92
7799.26
8330.98
9719.47
7234.54
7476.65
6114.36
5593.94
14134.64
14631.5
11727.08
9822.9
5638.26
8481.33
10034.11
8529.67
8919.43
5697.92
5174.87
3844.61
4066.69
9625.01
6939.27
5116.8
6349.42
5766.08
7838.49
8447.73
9652.6
8378.23
4033.46
5617.75
7246.26
7529.53
12567.4
8259.33
4716.33
3466.1
3550.03
6880.57
7318.25
8605.47
8357.43
4184.19
5159.36
6102.14
6549.54
9886.84
7353.43
5541.69
4616.76
5619.68
9013.42
5696.21
6133.65
8084.84
4892.97
6108.45
9590.83
11872.07
9875.82
6003.06
8436.99
9192.27
9307.75
15517.79
11657
8947.22
6355.24
3538.96
4708.53
6144.92
6399.69
4743.03
3310.6
4842.41
3324.57
2605.75
6264.3
6983.82
5103.43
4801.21
6925.92
10450.52
6954.15
8289.69
11097.29
7468.15
8682.21
9081.05
9978.84
11894.75
6576.06
4903.13
5352.42
8086.22
11252.7
7774.25
10227.51
9013.66
3291.88
3771.58
7166.57
9534.78
7782.5
6302
8303.67
4800.23
3280.38
5402.25
5574.53
6621.22
7369.79
6898.21
9413.23
8702.61
7551.78
6314.81
6894.23
12205.81
8760.26
8019.58
12956.12
7692.84
4321.84
4087.95
5317.64
5535.54
4078.27
6591.94
6965.12
4045.69
4944.19
5055.62
5699.46
8950.18
11331.52
14930.35
13021.74
12714.52
11785.46
7711.16
11840.49
13752.1
9736.03
11514.85
9522.07
6747.94
5320.65
5452.19
6457.06
4190.18
5299.14
7995.66
4766.22
4819.99
6209.84
5971.67
5398.87
5060.17
7967.24
7697.93
6142.7
8038.69
6752.55
7502.69
8878.64
7059.09
10299.66
14708.22
14592.28
11041.54
9387.59
14145.72
10530.59
8999.66
19187.31
18175.92
9720.13
5691.24
4666.12
5120.04
4227.23
6053.32
8054.79
5315.01
4591.67
3267.09
3321.86
6259.63
7907.44
9887.43
10978.81
12383.41
12399.64
7605.31
10576.04
15348.71
11703.6
13783.53
14082.98
11852.97
9202.44
7436.4
9028.79
6755.33
6570.95
9120.82
6510.12
7148.13
8851.09
7451.1
6844.14
5402.19
5803.04
5954.79
6690.25
12115.59
11247.02
10889.03
13514.14
9361.95
9924.12
13396.61
15197.61
12284.78
7259.82
